0 0
0 0
0 0
0 9.313225746e-010
2.318993211e-007 2.56113708e-007
1.371838152e-006 1.730397344e-006
3.161840141e-006 3.70759517e-006
5.261041224e-006 5.091540515e-006
3.405101597e-005 4.070624709e-005
0.0002417089418 0.0002493876964
0.0005973419175 0.0006653163582
0.0008393628523 0.0009483732283
0.00163839478 0.002392477356
0.01041208021 0.01099620014
0.02953138668 0.02871682867
0.04135690164 0.04028275888
0.01999580581 0.01862592157
0.04187676869 0.03989380226
0.06678377744 0.06325286906
0.06691582594 0.06721284986
0.04556177463 0.0492997244
0.05356358457 0.04421392456
0.07592860237 0.06140582357
0.06466819253 0.06275004242
0.0602040058 0.05261399969
0.1090148054 0.1083221836
0.07958561368 0.07391074765
0.09371655528 0.06397825945
0.1326706102 0.1288261078
0.1343008736 0.1082944861
0.1490332428 0.1263834508
0.1793821836 0.1481818445
0.1229602592 0.1205695141
0.1503908699 0.1247356907
0.1966305738 0.1881809309
0.1178918676 0.1184935831
0.1425835621 0.108085094
0.2237219354 0.2112295767
0.1065267269 0.1074690577
0.1281860266 0.1133636404
0.3594038635 0.3360235728
0.6921192361 0.6747377701
0.3783176271 0.3473417126
0.3319508033 0.3043132676
0.2199682435 0.1999361692
0.1721212165 0.138109969
0.1189087909 0.1208954519
0.0929645896 0.09159521386
0.1156824315 0.1003514649
0.1002044855 0.07258469984
0.1160523295 0.08199514169
0.1209601238 0.128918278
0.1471863147 0.3355706464
0.5866358001 0.3085861374
1.512427004 1.112504278
1.231493616 0.9832306867
0.9075365784 0.8443772756
0.4523245646 0.517963226
0.425662254 0.4070307724
0.5849954989 0.4950809469
0.6583698569 0.6189554706
0.6581778275 0.6200053664
0.7909976086 0.5410205275
0.6431861827 0.4327428816
0.6324937446 0.5482726991
0.4503112976 0.4536452191
0.6830314128 0.6055087065
1.152940916 1.025730524
0.8931191955 0.9172676811
0.8539248509 0.8195172874
0.7998953843 0.8011252331
0.919911013 0.9441462625
0.7467126353 0.6675333353
0.752016847 0.7413868066
0.7734591831 0.7141526425
0.7213875726 0.7041467754
0.7284999862 0.7398395725
0.5155750578 0.6580808908
0.6781733148 0.6867157537
0.6921856375 0.7741208635
0.6066121971 0.7374209268
0.9634183757 1.376801566
2.65880736 2.543089929
2.087696519 2.342151919
0.8836541371 0.8289081594
0.8709608354 0.7628536094
0.6048301337 0.5146076633
0.4991221512 0.4089283114
0.7955034263 0.7879626732
0.5072978847 0.4327087356
0.3195638098 0.3588533364
0.6434034836 0.5707024569
0.8374310732 0.7471696064
1.977599036 2.036802449
2.829782492 1.857765511
5.722012342 5.074099014
6.188321977 5.677387583
4.247546786 4.16028905
2.737393946 2.607054174
3.492290398 3.231598074
3.171791879 2.96051862
2.508104288 1.943666764
2.257873594 1.625016
3.088970533 2.106156745
1.76288503 1.734311217
1.971016807 1.432982034
2.236292873 1.935516058
1.40071844 1.263897736
2.133243252 2.059725568
1.589705579 1.663060769
2.148587899 2.123615579
0.4919219017 0.573506875
0.444800904 0.4457598282
0.4580103131 0.5629906561
0.7005045908 0.8584508356
0.6138365036 0.5985720595
0.7542360667 0.6238667183
0.8886984307 0.7532821307
0.960939914 0.7349197473
1.499679552 1.440117887
3.194815962 3.642564514
6.400564925 6.477240798
13.31748274 13.47125609
8.661331466 7.916685138
4.328537183 3.622375749
2.622696158 2.827191601
2.794257346 2.824562299
3.343615541 2.65302497
2.813679229 2.272451589
2.859756561 2.423778411
1.93161214 2.381443126
2.057606737 1.832553876
2.17768503 2.721232217
2.32555616 2.733307333
2.797038477 3.238280457
2.228134488 2.342294168
2.253165418 2.3679485
2.125769417 1.651706442
2.37307853 2.420199141
1.839572618 2.04350119
2.01894721 2.340861529
1.576442716 2.362011567
1.773073961 2.075686703
1.811868089 2.154449356
1.62318708 1.597892608
1.240015267 1.440467881
2.069749721 2.074937324
3.437239244 3.078999291
9.152293699 8.414687902
12.94379133 14.64291967
11.48183575 9.746264505
3.225197943 3.791356159
3.361208705 3.413820988
2.525008482 1.907350706
2.104551823 1.796608449
1.193320218 1.026919216
1.170299785 0.9200961264
1.166281243 1.062192041
0.905932175 0.7189064221
1.050653827 1.365416265
2.553925863 5.235610208
6.674437969 6.933689888
8.091653611 6.456689964
13.72750241 13.64512146
17.32563095 18.95391847
6.474720408 9.265634221
5.290739931 6.310200922
5.422455925 4.185740909
8.74923313 7.110049685
5.4592262 4.893140847
5.216766268 4.230859618
6.418221255 4.797300982
5.682841493 6.00884198
5.072042469 4.268459197
7.920705868 7.116756496
6.460724489 5.004263797
5.930384734 6.249570505
6.035002209 6.122446735
5.924048007 6.453802144
8.312683174 6.363477488
4.782974376 5.369635306
5.258244165 4.416842703
5.996272713 4.329213372
5.024592616 3.708944197
4.708533135 3.485976401
4.916390894 4.432145804
4.701229582 3.923406061
5.420638714 4.011900151
8.319611738 5.327979755
7.241480944 8.402380114
10.63737027 12.25400035
21.59010082 20.81930614
11.32292043 10.14132148
8.364137766 7.302604062
5.824018595 5.588832376
5.434093626 7.435207888
3.023411191 5.960805833
2.4124685 3.188327434
3.593770014 2.392257347
2.690982002 2.058363459
3.956818629 3.2908709
9.850633241 7.894266825
17.38328693 16.51593687
16.59464294 15.95990265
13.12493419 13.22388608
13.54027337 14.19698072
9.539595417 7.41790922
6.624694578 5.258746589
7.799255698 7.888534316
4.873239968 5.081913129
5.311703966 6.306266384
5.469891748 3.873117715
5.660459333 5.30337357
3.33129066 2.892889734
3.356653855 3.28400787
4.58820094 3.876239619
8.590452892 9.91231587
11.12774458 10.59554753
9.345522582 9.349552163
5.239121583 4.044740009
3.61588006 3.235713793
3.562353288 3.469443116
2.699038943 2.317433571
2.140997633 1.502092182
1.938438584 1.537499437
1.56563723 1.15389818
2.002943572 2.117259875
3.89212185 4.222624998
4.096911428 5.735618087
10.73097904 13.47272883
20.22104339 17.98940171
18.77534045 17.95126247
8.896319753 7.828154441
4.91302077 6.074319562
4.442000044 5.939603692
6.707890673 6.932995711
5.095022769 6.294226708
7.213382044 6.780002627
5.724560924 5.827627807
7.229373511 6.15187448
4.860113215 4.392654019
4.289961692 3.742393886
3.699228331 3.470614407
3.953046525 4.728918139
3.57168862 4.075212928
4.478649305 5.073339839
3.516251272 3.457482569
4.299341935 3.375098499
3.47187966 2.388965701
3.699934934 2.361698381
2.782068959 1.529807626
2.669729587 1.619397253
1.651207801 1.145285661
2.799360164 1.623130351
2.563781807 3.052164471
14.40523402 14.52699585
15.69023889 17.81251251
11.02654647 8.469935996
9.353407851 7.196642283
5.221730545 4.1447745
4.725376577 3.919861205
3.774056235 3.111281906
1.938536579 1.770707097
2.430999301 1.803386561
1.976660708 1.353089369
1.793843633 1.433436824
1.709565393 1.461799568
2.348583767 2.252801782
4.857140411 12.02375984
10.68372068 14.53654194
14.78122628 16.58351498
32.68893533 33.00428053
4.630675361 6.7021944
5.85543254 7.691301859
7.179117279 8.248309098
4.318436749 5.54252716
4.872838315 7.608671893
3.70439946 7.139364166
5.373691732 8.763717531
4.45933287 9.634172354
6.335614557 9.350868135
6.846707067 7.171519232
6.244892755 7.237003637
5.451877031 6.609221848
5.762582754 6.029348207
4.655552595 5.659434507
4.221597523 4.350324989
4.457945315 4.864205775
4.484712538 5.065316753
3.543076337 4.381328862
3.684729271 5.49688593
4.271031313 5.80347133
5.544983112 5.978516539
5.045284103 5.330765002
5.64469277 5.270788404
10.23841875 10.87052704
18.37126357 17.77252996
17.1820901 16.65216626
9.761579195 8.349391221
6.939633965 6.783657196
6.384339922 5.557870396
6.411465792 5.452244782
4.396711498 3.609141243
2.90518297 2.375434989
1.352494515 0.9833157714
1.182972605 1.186241447
0.7873545811 0.8285297463
3.411766163 3.27386559
7.696485782 8.77050178
15.44014533 14.92688009
17.87998198 15.74413546
11.82107653 8.993616966
12.41277621 13.01975057
9.468823014 9.658814885
8.454798265 7.165082635
7.855910501 5.972899832
7.70599158 7.479026771
7.031521067 6.2283834
6.243432387 5.220292143
6.861507918 5.128512303
4.872816551 4.565066113
4.791337282 4.592171787
4.930879803 3.824324863
4.479505883 4.01936956
4.940268738 4.096280048
3.484998191 3.952674308
3.706773721 2.729136114
3.51971953 3.407755296
2.621407596 2.18627945
3.091707063 2.185689791
2.859243889 2.223054533
2.265738981 1.23795589
1.457954672 1.552594586
2.120484187 2.376002985
7.391080896 8.362357805
15.983629 16.94382226
17.94009632 17.65041611
17.67350069 15.87282251
12.92969903 10.04726225
6.534327088 5.365605982
5.123837794 5.27127733
5.778457044 4.826432242
6.002559666 4.249096009
5.846528616 5.05713369
3.825407574 4.639567884
5.619644824 5.217198283
4.692043859 4.572312113
4.676927118 4.700699335
2.620533817 3.182740533
3.834952253 4.690297771
4.274865219 4.096770793
4.434233246 4.293968847
3.782000685 3.704083077
5.435214692 4.791888669
3.534212592 3.598071023
4.751381178 3.514832757
3.222657299 3.560146123
3.533798539 3.651684044
2.741249671 2.78450624
4.264155629 3.389005099
4.865273977 3.151288942
8.913072834 8.847595775
15.21607102 14.29701813
23.4970444 22.3101309
6.388245496 6.561307354
3.73764254 3.177580907
3.5900025 3.66888103
3.331470593 3.136546476
2.232901415 3.296676084
2.576309693 3.000351615
1.952083552 2.009365583
1.495913709 2.373173961
4.309267151 1.898040647
6.96510556 2.474490721
14.64992828 11.03792384
18.19135421 17.92755689
13.41380852 16.33114255
14.65015667 16.67800845
14.78151869 15.04813759
8.766025143 9.212717177
7.935213684 9.143204318
9.498271548 11.35073902
8.993750439 9.772395605
8.906955631 11.06497416
6.542496939 8.210106764
8.465814182 8.003542135
8.773429244 10.42682822
27.60455632 26.55688003
23.07619646 22.569576
16.20449551 15.41655535
12.94988515 12.55081033
11.9329002 9.604316759
15.36402949 13.17759941
10.12524494 8.761404137
9.086384343 7.572299125
8.321061865 7.609720658
9.018077209 7.73638106
10.58901291 8.945091115
8.759629208 8.824726675
11.67226762 12.01769908
20.61160245 19.70294837
19.94320992 17.56069868
15.89722331 14.35018108
15.2936183 14.07152645
14.8979711 12.65795845
10.34219941 11.65513862
12.10750429 12.62727571
10.03802814 10.19144157
7.258915128 8.285425967
8.289891093 5.645071197
8.222424983 8.196141948
7.718498243 6.493349702
7.386097703 7.119860583
13.5496271 14.13292435
23.1266002 21.70225354
22.26698397 23.74522122
14.23679889 16.62842638
19.02496319 21.38946545
15.28731755 17.70965698
12.09532568 15.32460307
9.548427966 12.90460172
9.253156334 13.20540919
6.720403426 9.127029323
8.712728782 11.41908846
5.740579233 6.46667555
7.727123778 7.454919755
3.209663017 3.888872257
6.205742064 6.634684548
9.744144471 8.907336849
12.17187878 13.99562375
11.05345091 15.41955565
10.2865055 12.09134083
7.493646281 7.33899745
6.471331239 6.299224407
6.764028106 5.720939594
5.933548548 5.877383732
6.126279718 5.509569707
4.665590418 4.590647421
4.020975635 4.010149647
2.42284353 2.836114097
7.587204963 7.702602607
14.85170852 14.93848774
13.10475646 13.16255694
33.27946848 33.66771841
20.19598067 21.10450345
14.61573313 15.60970973
12.95109176 13.1242078
23.78828339 22.86056409
17.88730913 17.90240657
14.30966846 16.36558314
19.2803809 16.90789479
17.42465538 18.25977647
19.40568673 24.24014122
14.92873177 13.43979767
15.55888495 13.85892683
16.55124012 18.61649728
12.37516042 20.13220656
13.02749057 20.4735886
16.86331346 22.99572087
12.73627665 12.06235057
12.32741841 14.43273271
12.27657933 11.31191496
6.082132515 4.949815262
6.610225453 6.6223727
5.473948306 5.23929322
3.50973551 4.163798219
6.837709081 5.620881817
9.28749666 9.062543183
13.79023233 16.01131402
14.00093713 14.16882946
9.730316579 9.023029029
5.533151365 5.899896608
4.02539303 4.198453791
8.664619566 7.890455715
8.717373672 10.33682803
6.447173419 6.715745544
8.017757201 8.610417837
7.158012929 7.666915648
4.537179966 5.293598928
4.082307788 5.194559082
7.518034123 6.838694935
17.06952284 16.36845355
22.46701268 22.17034082
12.00010418 13.34700342
9.532355265 10.19418697
8.269395032 8.125781693
4.595393813 4.812611404
4.718767466 5.654205625
5.694231357 6.433297456
9.450796796 7.1999371
8.27469318 10.94633343
8.020866475 7.375257486
9.955976409 9.498207575
8.251637446 8.492927605
10.91941241 9.912985772
7.948235709 7.032026842
6.55971136 6.324101942
9.113630007 10.93681486
8.928009984 8.570817998
6.696241562 4.462318982
6.586710022 4.686099631
6.836621202 5.991209502
4.400899768 6.022277874
3.371448468 5.542566055
3.808500921 5.027530769
4.589878961 6.782583647
5.584437142 5.375601505
6.446015333 4.663854915
7.760926384 7.252848106
18.40216805 18.32072919
11.16260524 13.10404948
6.008369622 5.73703212
4.04561755 5.253508861
2.436134672 3.066917723
2.953064544 2.264369779
2.516356417 2.727596186
1.294362088 1.429287742
1.578619087 1.254762162
1.872619585 1.492443382
3.770449594 3.878589367
3.334786123 3.754163749
6.325127152 7.747004217
20.59642681 20.82301153
30.5902848 30.55538927
17.9374348 17.82604052
12.9574803 13.8023117
8.947684027 9.253455205
12.75829082 10.52698288
12.10305666 11.13004949
5.981432982 3.923393697
7.979432716 5.692520876
8.883115919 7.119478848
5.434906745 5.06712797
8.019331045 7.635953812
8.705703646 7.346785216
3.159297591 2.919108611
8.387780886 8.493408188
4.813287829 4.930293891
1.276173913 1.254629428
2.760797283 2.971301327
1.409545185 1.165407131
0.8595854603 1.141579945
0.9529025014 1.415089102
1.904467155 1.569061591
1.329381184 1.269740277
1.053462928 1.054490232
2.732771967 3.81952865
5.474168686 4.934156942
13.14241376 15.06623915
24.90721225 27.1039678
37.85012734 35.8237605
29.0557677 29.70274648
20.81097929 18.66343514
17.41697522 15.04231364
12.73848112 11.33695655
13.75393795 11.98563924
8.694242629 7.940710257
7.766134657 7.422154336
6.698520882 7.126397684
8.986146605 7.025915072
7.778386292 6.995422658
7.210740962 8.161231843
7.942699082 8.061057812
11.07042445 10.69976302
10.23608007 8.461678556
11.0368188 9.224187022
11.54693664 8.36424427
10.00426061 8.183638643
10.11246529 9.551715091
8.555408323 9.063353047
8.022522971 8.342196899
6.447297859 4.746119645
7.108404499 4.261476933
5.995137707 5.20461699
8.081339298 6.436386038
13.04484315 11.7652037
17.02000207 17.6296758
18.1261867 18.53433037
10.86221345 11.3606095
13.65669781 12.6384929
14.45066563 11.27161254
8.067459808 6.995675759
7.845920949 5.35891227
5.834887086 4.292778841
3.663846385 4.693004416
3.664287792 2.712409147
2.027415255 2.652353724
2.648026134 4.995919364
6.901086077 7.712442786
12.22192285 11.83068133
17.12162948 17.63000038
27.41518011 24.44448896
12.95690975 10.59712423
19.92971291 16.15817988
18.3903235 17.86751894
15.0621629 13.04875365
11.76886931 11.07998165
9.544079004 9.232301961
9.922206825 7.180288414
6.287768038 5.549487911
6.671555399 6.61989694
7.759551357 5.624347364
8.121716751 7.054067639
7.66269098 5.9985781
6.482918394 6.39300764
8.934515746 7.539419672
8.855451674 8.817839327
11.31831842 9.823292323
14.39555359 13.47778463
15.54780129 12.99747404
9.176414882 10.93136874
9.111454489 7.581445083
10.27148187 8.26268752
11.89287281 8.744753852
13.57994688 11.10945669
11.63217267 10.03915681
10.85297777 9.576796358
19.5316009 15.73408225
18.08566798 16.62118172
10.6636642 8.395933112
8.07258284 6.22700661
8.628712172 7.534266288
8.317941886 8.491192792
9.532378491 8.426689081
6.5818447 4.05836995
5.080390699 2.390045688
4.531673571 3.263298767
5.2083311 3.600591407
3.279078309 3.824461009
5.739321155 6.337213011
20.91245521 23.37131248
26.19731286 22.26091386
16.8463666 15.25442974
13.65074108 14.95596343
8.827492175 8.475240268
10.17116108 9.631828258
9.202583322 7.396708248
10.04051731 7.258521193
6.655467676 4.74447319
6.767262689 5.182850412
3.924046705 3.643241733
5.195152858 3.643940997
6.134346827 6.119300582
6.64319809 5.679278816
6.152050127 5.434653197
8.86035532 7.220751058
5.24287976 3.812502451
4.331070607 4.859106964
2.716813972 2.454668523
3.425952651 3.307441647
2.809688551 2.01115457
2.063656875 1.801577679
1.72860717 1.757389204
1.49204205 1.785371066
3.151552551 2.325339548
3.761293725 4.797300924
8.514450307 10.46141515
22.93647199 26.31255006
37.68066887 38.4127537
22.40012951 21.25303445
12.40339955 11.79109828
14.4834813 11.57457213
10.91814141 9.419972577
8.605934871 8.353601083
9.814273339 9.976857604
7.301862636 8.288891232
5.537762452 4.247852847
4.653954462 3.73129753
4.688007226 4.439676313
8.395362531 5.934798822
7.704249736 7.460507035
14.3996375 13.29630414
16.29217016 15.49410072
10.97739066 14.45072834
13.59721459 9.530968232
9.549334703 7.340834557
8.130591951 8.314303646
6.423166654 5.510169258
6.263518559 4.563136747
7.959826892 6.763720934
6.33603913 5.400469374
9.24004212 6.218582759
9.696784492 6.879596174
23.70712473 21.26044232
28.13963707 25.48184429
28.34432489 22.07517769
15.08012345 12.87325288
9.405802408 9.823843006
11.84517744 10.76430637
8.78531993 10.69858069
10.58361073 10.25375735
7.099414512 5.274314342
2.52751427 2.185573174
2.637408679 1.948647914
2.1176452 1.537294262
2.776163061 1.458539832
4.43158583 3.77552095
17.627085 14.22437826
26.97865453 24.30822739
17.37152155 17.64768503
11.14446581 10.05041186
9.058744412 7.580439927
12.51900747 11.19730666
11.19716056 10.11109769
10.84660523 10.1373641
7.761601614 8.404026859
12.47404452 10.65078517
10.75326185 10.58103263
10.37694448 9.931830909
9.83241414 8.208900842
11.33641912 10.39205141
12.70906391 11.53834275
12.88709803 11.46108373
15.64529383 14.25015528
14.37275701 11.73481751
13.86372388 11.85283252
12.81255298 8.745438868
10.92811354 9.876878003
15.48232067 11.16447942
4.516466762 5.467176497
6.213578337 4.047163275
5.400135911 4.309890799
3.445894865 3.437872398
6.506190797 4.93122486
8.777487304 7.713009839
22.25291596 17.9869889
19.75603588 19.00255543
11.0485847 11.92658298
8.281787624 8.322798525
8.63358728 7.068607017
9.542974935 7.313253001
8.991513428 6.597413826
5.993481568 4.243656469
4.660841592 3.676716604
3.762026021 2.770323802
3.915433025 3.517901231
5.998227469 4.660974588
20.63983436 18.43019322
19.33055728 19.52016208
28.33288415 23.17553648
17.78932493 15.14150972
23.51688451 24.62270344
13.40527211 15.66432107
16.02760827 14.51596515
6.319180665 6.630751227
6.994190873 5.460676343
10.45737349 9.553765615
6.077725259 5.334169006
8.359947712 6.900294682
7.928010672 6.295083349
10.63489795 9.508342352
11.50511748 9.905125033
15.9065059 13.19914933
10.09758914 11.27470471
14.77442677 13.62610243
9.349848771 7.274711282
8.746000736 9.719942924
6.09420619 6.677492825
6.535196975 6.664557563
5.504467976 4.689509472
3.706691037 3.361642515
5.605655866 5.525281401
9.640501007 8.045966083
17.85655635 15.96411361
25.03202247 24.92673956
28.75379424 26.78780244
22.49311351 16.48053926
21.15878453 20.73837162
19.26217205 13.92020391
16.44645809 12.5494926
15.94458119 12.93343409
11.71051396 11.96230076
10.68662457 11.47301841
8.418237568 6.621227414
5.521038199 5.994373643
5.978782407 5.794622494
7.948061905 7.304114507
6.16958374 6.671823449
6.495757509 6.656431094
5.453381902 5.029690159
6.331655109 5.796953961
5.832428332 5.087914043
5.809060049 5.540307244
4.569024514 5.429675844
5.508543031 6.707595386
7.474217463 6.693200874
6.927949254 5.668503795
6.50536366 6.23434436
6.09752237 4.461529455
8.812401389 6.299803141
17.97492475 13.55838479
24.13465477 23.78632553
20.64985967 20.05504649
12.28872409 11.61083554
9.116466526 7.479973587
8.377528923 6.730514293
8.843310896 6.351597683
8.245989517 5.7816982
6.681607845 5.44415823
5.662215934 4.473018702
6.185560904 6.014328361
2.402151726 3.731542486
1.699106139 2.16091318
2.3725887 2.48486567
15.7013497 13.62097899
23.48042794 22.29953643
12.7157489 11.13084959
8.792783928 9.092215575
11.60189905 11.39044064
5.437518006 4.679152923
8.527736073 6.792702237
6.500290588 4.633814481
7.442632826 6.260426361
5.462356186 4.730579363
6.092764309 4.655243453
6.60658035 3.849697541
7.106241535 5.803998733
10.83378559 8.639310141
15.30996591 11.39772347
14.88664192 13.87718759
11.48436547 10.13698325
11.54468986 9.874444732
9.789010862 8.487921653
8.123430533 8.671430775
9.518501164 8.826820438
9.180177866 9.019577893
7.883403842 7.35694756
8.917637758 9.347343495
5.883537162 5.954947571
6.912575202 6.157104666
11.49409118 10.64008165
11.55709426 11.93662804
13.24586756 13.75250634
13.59957494 13.02974481
10.25701151 7.967206705
9.026989067 11.71684975
9.837735807 9.456336692
6.301792474 5.936026327
5.249244743 4.403652459
4.41520312 4.642871943
4.557893435 3.540623059
3.950681804 4.617793115
3.866826604 3.720522736
5.734336371 5.569147816
6.589877808 7.006726213
22.50721512 22.01516271
23.47007927 21.51100938
20.43798728 18.38381538
15.54985234 16.155888
14.26504002 11.49585065
15.21498854 12.96941701
12.29062869 9.063914238
12.9503906 10.98114548
10.98146497 9.082979615
11.22003611 9.577257053
7.650621773 6.765699318
4.982013536 4.334483
5.168700632 4.259783428
7.35675596 9.042863959
7.374424182 7.17569388
4.468202051 3.96083759
4.938804796 4.762608849
6.676570789 6.882248102
12.51188726 11.86637603
12.66134765 13.42701446
10.97466796 11.65757943
8.93002764 9.143327928
11.83750074 7.655970633
9.014749864 8.249771131
11.3018621 14.06310274
12.44418835 17.70292008
21.18603833 27.78713821
38.04725644 44.68005881
21.51167262 22.29799012
20.10355595 21.40498821
17.44467022 17.78398332
12.42177418 14.16198054
9.10455627 12.56959624
7.030740623 10.64843006
7.002121822 10.37553808
8.212431271 12.52044624
7.261111963 10.14812358
7.060469407 9.53899768
6.269965903 10.09967567
7.267370755 10.50940462
8.897717671 11.35006011
7.142604136 7.794289364
6.490257762 7.882102901
10.83384637 11.65820887
10.18864396 10.65154786
10.62069566 11.27801027
11.67240199 11.68791929
8.715116335 8.051276417
10.47959512 10.53886977
8.888668202 8.241499928
3.716167144 3.910604132
4.865890466 4.61375256
7.337595883 5.426859996
17.6359702 18.45944028
17.36436531 17.55846047
9.596374767 10.19066495
8.24781683 8.88120118
4.317324168 3.889052682
3.740791734 3.933090652
3.238569282 3.960619283
4.579566509 3.909931857
3.878242973 3.82663247
4.747919073 5.648178565
5.013450779 5.044033743
5.347879633 5.212150175
10.63904425 9.277345111
14.79145793 15.09280607
19.28374931 18.43850147
7.394522919 6.624852981
7.886421817 7.652918614
7.695154003 7.059832406
6.228865583 7.234565631
4.298755348 5.208291441
4.469895947 4.606140612
5.863500596 4.71177929
4.005800452 3.357760933
3.36865679 2.717604472
4.435841267 4.268719848
4.076460733 3.521943348
4.798388776 4.603473188
6.034391272 5.009466732
7.272882767 6.174410388
5.885901937 5.007549625
6.666386779 6.049256653
3.721380148 4.105001834
3.831230539 3.624299819
4.289054608 3.604868565
3.561830424 3.49820849
2.990206243 2.481590971
5.102123934 3.750163914
4.830934804 3.968880926
3.987573523 3.590522874
7.179823614 4.799484008
14.58530594 14.42137182
7.02558624 8.169807967
3.253707942 4.43251124
4.91597378 4.972511016
3.86147627 3.077247311
4.836322976 4.923515052
3.013761467 3.027919062
5.377144738 5.591113921
5.261610544 4.945282535
4.036769475 4.177755493
6.617272949 6.23061688
6.074996887 6.333788286
6.239362569 5.553469388
16.25725689 16.01566148
23.23449472 21.85090654
23.30702748 21.80117736
19.66125588 18.59734618
16.74416773 16.33293229
13.67051199 14.43073781
8.955378012 7.999058407
12.96157097 13.03775951
8.841900321 7.564295904
9.606402372 7.967976447
8.225320824 8.502039302
3.786229268 3.656593515
16.91382891 15.29923769
11.64705396 11.13910701
4.999322831 5.397232383
10.69610438 10.5293116
9.600726138 7.704145025
9.959016418 9.467137684
7.663458824 6.57717091
8.279988568 8.702131774
7.171825632 6.846893173
8.132912807 7.121976696
6.246863181 5.314304795
5.777986873 4.887562918
7.311394672 4.842544335
7.932167916 8.168117454
12.87735178 11.7258811
30.48022865 27.53010075
15.44204215 11.56267883
16.25724783 12.57983695
12.36924482 13.20352363
9.780343304 9.376188249
11.42771141 11.02140403
10.08548588 9.911783449
6.523083759 8.15951614
5.343801748 6.011188242
6.611029997 6.472219131
5.223348153 6.688889369
4.7667234 5.792551703
5.971699311 5.389133325
8.437696519 7.796932492
7.900348913 8.180840554
6.716805997 8.77939637
7.961812027 8.694910386
7.247261449 7.162539928
4.741666596 3.898538684
3.925363882 4.41822629
4.543433789 3.416065549
4.551227875 5.030805738
4.121308986 2.755973636
3.265946969 2.678633356
2.727478527 2.25295307
5.186947951 4.886012708
12.12916919 11.7983764
24.92173248 24.36729821
18.508812 18.05490624
12.27300703 13.53502432
10.00999854 9.966827448
4.274722887 4.432441602
8.104750942 6.696805305
3.728865482 3.582576406
2.012432748 1.759990565
2.165889896 2.254643132
2.249516056 2.407562174
1.472879675 1.349309987
1.81308954 1.882380512
8.152547118 10.15661453
19.17737364 18.25269336
16.20028255 14.45901863
8.441150895 7.48117476
7.757148657 5.76747344
6.215769225 5.8162531
7.297402292 5.21533946
7.19532247 6.267421231
4.202715246 3.252746451
5.665230223 4.463328948
4.547383187 3.878531286
4.082912728 3.334952014
4.559349709 3.277479362
4.999912551 3.371026156
4.510664999 3.68486875
6.393259315 5.574790739
6.341830741 4.423353135
4.223249831 3.965124086
7.946643055 7.043518955
6.207000744 5.575850338
7.379219268 6.517214877
6.715993571 7.976255291
6.697365075 4.919159755
5.440359546 3.967598843
6.406136384 4.835711929
6.164387799 6.100513332
5.945671652 4.66296921
9.744642088 7.591556499
15.66966484 16.03390694
14.31420671 15.89688497
7.113957546 6.218994797
9.532798977 7.676017515
5.811472462 5.284974071
5.812820989 5.406430147
6.170359299 6.597953831
5.471253547 5.35249578
5.46466491 5.037459261
5.539506942 5.504516733
4.299906385 3.907748084
6.975523254 5.673959011
8.405584703 8.367642082
16.39952635 13.67163066
16.24257251 15.80615166
15.35673792 11.53899228
10.11094868 8.049223849
9.030370407 6.703163641
5.686104942 5.795975343
6.641576339 4.574361801
6.659933154 5.023588425
4.933398815 3.951329915
6.3661621 4.690607002
4.899302813 3.413522813
3.889289401 2.611261471
3.443154051 2.24824255
6.71521555 5.57246973
6.809416435 5.007484663
3.282256428 2.394887852
3.365441973 2.668544802
2.861616872 2.332488594
2.313867372 2.147980532
0.8579291329 0.8333763257
0.982751173 0.9658487374
1.127824869 0.8824115181
1.087616019 0.8580968818
0.7855046801 0.8457918419
1.776158493 1.530985007
4.093768082 3.341615776
4.791951194 6.441440695
20.96314712 21.89850499
24.6635497 22.19543806
15.14793395 14.11280983
11.68333661 11.09544333
11.29315976 9.428870176
9.726090638 9.889153685
9.790741672 8.283086479
9.787700584 7.73064429
8.521598406 10.17663059
5.296857609 3.384672733
3.4817002 2.791320059
3.593053981 2.119359366
2.995864672 3.069527015
2.934600364 2.507511613
2.712367629 2.625885132
3.132040939 2.995741659
5.917097108 5.467470161
6.21779993 5.061416295
4.415363956 4.235399482
5.520886048 4.895099143
4.534311024 4.014092091
2.92561748 2.800045377
3.591474188 3.181574988
2.306550594 1.865191354
2.894554674 3.120575001
6.115558011 6.900069432
16.12357063 18.27483895
12.10118827 10.84021185
12.43496318 11.4133858
12.78813119 11.83927791
12.70286132 11.80454996
11.05188274 9.639941281
12.41150849 11.2990884
5.040475338 4.03252955
3.361317211 3.537891653
2.538955277 2.442510474
2.561813721 1.971556365
1.993367785 2.090032988
2.513113389 4.866740312
10.04190341 8.772267156
13.36882396 13.44460463
17.92691886 18.46132774
12.92737882 14.96905575
9.673517346 9.511274914
4.783684944 5.536906961
6.72656766 6.809342735
4.158262221 5.54616743
4.680421019 5.452232801
4.136401008 4.186848882
3.704375006 3.813073935
3.464983563 3.221948056
3.808517975 3.699501378
6.41551938 6.750638372
7.033519393 6.6428155
12.46758964 14.81521212
14.54752407 14.66455728
14.1624098 11.62862472
9.86237444 8.8168453
7.695165629 6.962745587
10.06730813 5.476612681
6.489953106 5.667799276
5.644582744 6.516866991
5.138532815 4.728495978
4.62542159 5.345829771
4.422278839 5.666245662
5.93981405 5.651633254
10.74943436 8.245559926
9.939495947 8.260443597
13.52496934 14.75511319
6.508216762 6.981188828
4.304084511 4.726856131
4.543277762 4.311033084
5.241700657 4.656797809
3.384322086 1.575135048
1.909241556 1.335937538
2.042006823 1.798692884
2.114384724 2.275693248
3.093839899 3.447151126
8.754208778 8.864970472
17.50255711 20.09150365
14.05190906 13.2982762
12.06409878 10.52368962
10.27383312 9.370170077
10.75120211 10.17755882
7.055172521 6.624111164
11.32603027 9.36228894
7.576821505 7.464219109
7.421430957 6.834982727
8.564814055 7.30379659
10.03240956 7.926515151
10.43119216 6.520568825
7.229303987 6.936193469
5.558763085 5.185081214
4.548859605 4.961013717
5.566282097 4.216380563
4.34280174 3.822982543
9.947886344 7.676560526
9.641260762 8.070161615
5.539792113 4.277212659
3.357094263 3.047045831
1.328320201 2.686337254
2.472748515 3.117407267
1.608754403 2.044786819
1.876953487 2.230227074
3.574562833 3.257922133
4.33525309 5.528410757
10.56700093 12.67939764
38.09722049 37.79431335
21.28720042 20.91050917
11.78657261 13.50161782
13.7293821 11.44538982
12.84581686 14.76894602
8.244112735 9.783568022
7.727853035 9.903889298
5.827091466 6.038659007
7.369883564 6.026751762
6.96505428 5.579133259
8.00877303 5.8866719
7.177053934 5.571538854
5.321143544 4.100971131
4.115107614 5.348897099
3.640058236 4.243241248
2.418834635 3.679316781
3.344365511 3.983455453
4.785203117 5.221880279
6.466339531 6.044762343
5.752593874 4.431255853
5.526641865 4.237414341
5.866986979 5.250577546
5.067811034 4.569203652
5.00110726 4.782431656
8.617640438 9.022761434
13.76811069 13.89033399
14.74218522 17.267803
12.51222124 12.26292042
9.744277681 9.212969384
5.565542107 6.203746045
3.76741032 4.122198311
3.540370921 3.486878444
3.200151208 2.739472006
4.440866428 3.72808796
3.635828511 2.965072648
3.427720562 3.109578169
4.790976257 1.745138888
4.610831914 4.76197348
8.511355675 7.824973787
23.02993427 21.88210466
18.60453614 17.6357598
8.661844434 6.645715971
13.75426081 12.93680033
6.59786519 4.306931233
10.00492493 8.58834756
6.108824717 4.865747098
7.925715121 6.161906419
7.262677946 5.84748367
6.223097608 4.811064763
7.877804232 4.836095854
7.499386773 4.587705501
7.067771408 5.387873763
5.541308486 5.655151271
6.139905573 4.937647095
6.189734049 5.632920577
6.610652605 4.29748947
4.384026454 3.79994911
3.850455763 2.770334412
6.707386443 4.705447127
6.481655777 5.750969228
5.950763062 4.485494794
6.751233102 7.053732006
5.374378405 4.515998495
4.692384528 4.682187542
10.21770047 10.12692007
12.16791361 12.92461555
5.569941211 5.736894404
8.279016541 7.617484452
5.204567452 5.310574181
6.063773627 6.949231135
8.338258659 6.855974954
6.853222076 5.540795983
5.69804565 5.093083932
4.323522651 3.853542557
5.491481053 3.854027641
4.142691484 4.027982217
4.33655581 3.88228198
7.39037209 6.612245576
4.998669153 6.172727713
16.98397251 14.86573425
26.35181731 26.64015885
9.186669731 9.313630348
10.04695716 10.6714592
11.44015057 11.05545736
7.393201635 7.068922065
8.268723136 7.38299961
9.730168962 8.640644508
7.006750518 5.224174066
5.582379012 5.033633089
6.521479414 4.896563635
4.219041435 2.882797068
3.193716986 3.383873279
4.536031819 4.893803305
15.52055854 15.3821045
6.880016896 7.098296478
9.173188589 8.598855326
7.936868746 6.014930826
5.2335473 4.960514216
8.458072829 8.43967435
6.161799087 5.599781504
4.865389962 4.273775991
4.860419367 4.324006041
6.29197014 6.374517479
7.119691654 7.002479818
9.310867904 8.780723081
7.899655538 8.304518363
23.95279596 23.9530867
30.25242398 30.55769912
24.91025652 24.12278281
11.74227716 11.76944701
14.78107445 13.52052291
12.82415557 13.48826887
12.6513925 11.61139026
11.81471553 10.47883828
13.04811019 11.23309719
11.68038858 10.27272421
12.21510616 11.70443683
8.938477603 8.336109379
9.228541408 7.829337273
10.68082453 8.716940643
8.345213788 6.354725705
10.36231487 8.48766269
9.821146156 8.550773324
9.065681022 6.359601208
9.303676409 8.923292824
9.145960235 7.770989124
6.243106556 4.477394812
8.799956829 7.001188299
10.8989301 9.61526024
6.916994018 6.744135154
8.475690219 7.236111866
10.87914413 9.115960548
5.174571672 4.195640732
13.28130812 11.94469309
14.81930675 14.32165258
9.328579236 7.62855485
7.55964685 7.151351501
5.575623442 4.854690263
4.473906358 4.307687383
3.504069291 3.368885824
3.868182122 3.376686055
3.736106139 3.756432001
3.782135728 4.878375015
3.096266238 3.076967996
3.304454728 3.68099967
4.017905854 4.795783752
7.19834122 6.341295667
12.18497395 11.00690192
29.74782728 29.63093896
9.846293116 9.396623723
7.98698114 7.261290313
8.230266073 8.069463246
8.071429739 7.49389993
8.042645881 5.901271016
6.396532218 6.570741622
8.65236525 6.702653728
7.414899467 6.323047165
5.799213499 5.483681918
4.168831347 3.784435584
6.670705363 5.581618995
7.581571407 6.615293138
4.704805294 4.225966463
5.341199428 3.840453868
7.638155145 5.186870542
6.365849613 5.092364311
4.650855483 3.967536738
3.169733795 3.394303733
6.318629885 4.596494511
5.622805241 4.844893809
4.858346325 5.515833835
4.403768121 4.251312984
4.307667314 4.916061234
5.563140131 5.067926576
4.098842879 3.6592604
5.891005461 7.328728637
9.535345552 9.211731929
6.981173781 7.036526542
4.057555929 4.238893996
3.443329501 3.92048662
3.744519706 3.531145968
7.060461377 5.434888859
3.086510087 1.770077671
2.699847559 2.549402605
2.730434489 1.534547512
4.457540182 3.269614817
4.322115464 3.095716435
2.793501331 2.006484252
10.48258938 10.03391748
11.25233265 12.72484646
19.22259578 18.44259713
11.57530057 12.50209108
8.761946382 9.658387841
8.476225446 9.029164951
7.517740691 8.837970722
4.291471843 5.339126516
6.822241893 6.646333599
4.173705185 3.164519616
4.036413553 3.726024462
4.527633785 5.222923559
2.709260216 3.566659582
12.44736964 11.35597945
10.92500695 8.622085853
5.793023962 4.652694596
4.367991937 3.062249948
2.188743518 2.230771734
2.539318985 3.433721748
2.790065343 2.840277982
2.960757134 2.442202109
2.43209372 2.02197176
2.934726796 2.586717398
2.696440222 1.830125241
2.681343081 2.715163311
2.384041443 1.672386648
2.732664901 2.462187083
6.337762963 5.443049869
12.51194999 12.48669259
18.33218804 19.86118989
5.893572262 5.732637228
13.21847571 13.38407707
5.786913551 6.456755287
6.96756301 5.805477672
10.23569801 9.668458494
6.332239694 5.994398043
5.420815758 5.74756375
4.982507804 6.449524933
3.514807717 4.420556459
4.29302518 4.627794529
3.34092498 3.692357881
5.394280385 5.363024009
4.497932639 3.636956568
3.200570019 3.53751331
5.424313981 4.135719236
5.597468569 4.191612864
3.442374752 2.958595914
3.59492474 3.302298858
3.575873147 2.499040863
2.835794439 2.22297521
2.510583717 1.765596019
2.722120561 1.751577054
2.428215317 1.872728272
2.4280704 1.396408644
7.870618945 7.2893874
17.00031479 16.90395349
18.51617457 18.51608748
11.03450235 11.03433468
5.873620963 5.877060903
3.080757393 2.682522892
1.843730142 2.080774861
2.228059779 2.047902053
0.9562114952 1.006067723
0.9681167202 1.231761137
1.490328251 1.479357848
0.9655648516 1.056496548
1.830727363 1.640411591
11.74290692 8.008780045
29.73370642 24.97774712
9.885860251 8.498778286
12.58341525 12.71455434
12.61274397 15.18306532
8.288492697 9.5243709
5.605707866 7.155146581
7.899574583 8.837951324
7.334804227 8.765309351
6.433596045 7.839372874
8.051265056 8.758811107
5.146819962 6.243494145
5.834378444 5.574082381
7.087056875 5.998990068
6.73065342 5.93455134
4.110955484 5.571929152
4.965800424 5.707748614
3.016539409 4.786969988
5.148193922 5.872617852
3.697230249 3.878173434
3.267961415 3.438378887
2.609957006 3.637121331
2.066820012 2.671777057
2.936905046 3.249556942
3.817926764 3.32199894
4.133571973 3.813532999
6.286904966 8.205478556
9.285824289 9.113748797
18.37520316 14.26344026
21.17509811 19.9887565
18.43048944 18.92976269
12.81851007 13.15114552
13.28321204 12.80770499
9.253061512 11.91376869
8.45602815 6.81321775
9.927448284 6.035754322
5.739585362 5.031836939
7.080052134 5.105323993
3.85051982 3.417990948
7.009913302 4.827469883
7.746146067 7.057491227
16.64900291 12.83733395
25.67171526 26.68019356
26.947069 23.24592646
22.26319965 18.995835
12.82512022 9.66962745
13.19402047 11.01572216
12.14807351 10.67836315
11.11452072 8.561108208
7.892112656 6.929089958
8.217034817 6.158902252
8.229436157 7.601150174
10.35592837 7.893775655
10.9746339 11.49648106
6.672588495 6.972351845
18.54144137 17.38240207
8.961364095 8.871515062
9.681684716 10.23832145
8.650956657 8.60518874
8.660603539 8.310237718
10.83827836 8.231913414
8.094788847 7.19520331
6.562432339 5.755245202
6.994926525 5.321091517
7.57053899 4.896267602
6.509555632 4.385103608
6.410257131 4.974843288
5.693140746 5.095255078
11.37057949 10.70648488
24.08968587 22.00603278
31.07496871 30.7557818
7.795043805 5.997496451
7.144695844 5.262002136
5.947755542 5.01658907
5.552860893 5.674794038
4.161574529 3.816583462
4.24719407 4.186804923
3.356224073 2.620297202
1.225622855 0.9718294637
3.823278749 2.893642617
4.308074555 4.301391362
6.42450266 5.217845128
7.870250562 5.080139914
7.477210969 7.181962382
7.968712348 6.820468322
9.931783606 8.241898349
11.5730103 10.03649652
6.249620902 6.694657342
7.913693587 8.348613184
6.81264454 6.591574746
6.237853752 5.472240921
7.526146393 8.143810978
5.134449769 5.180205942
2.593918688 2.550960729
5.211605194 5.188517949
9.386551693 8.959642739
18.48861144 20.19810819
22.15046361 23.09579361
14.72509175 14.76366427
7.882088503 7.920951121
6.289142404 6.457813348
5.228943406 5.241012466
4.597211238 4.592250527
3.167282748 3.115577459
2.306650718 2.408477153
0.985437952 1.015457429
1.26396881 1.245817338
1.833656489 1.111117032
5.412948431 2.991998867
7.232589775 7.601951337
12.14269935 11.98435576
9.572495756 12.16135671
11.91469251 11.41019893
9.20188571 9.201479406
7.653701814 6.952762795
6.510910986 7.287397886
4.713086717 5.259378698
4.360349828 5.527261276
3.571423419 4.124325754
4.609819736 5.98025958
4.439124831 4.010223342
8.527380535 5.305187085
10.94837284 7.424521247
11.53488363 13.43240771
29.51625014 28.22646384
26.34472272 28.54019869
12.18418307 13.11338834
7.29725081 9.161206793
6.832935871 6.874620133
7.812631928 7.599688896
7.686305374 6.486386715
5.527124793 7.355637149
7.031431288 5.414974153
8.526641576 5.252765647
7.48800282 7.167586523
6.403543794 6.254803651
4.822249961 4.388780614
6.382511872 5.020299262
4.649481934 3.680178967
5.167896552 3.52706784
5.118247727 5.208637599
3.911201055 3.297290546
3.064321339 2.906853005
2.655375706 2.32598461
1.948942077 1.35396134
2.457759948 1.7666636
2.823013484 2.255502091
1.884050839 1.384061492
1.950949417 1.68295322
5.199364919 3.601538313
8.153506138 5.594831088
12.69425843 11.60438035
15.30510735 14.75017388
38.45425653 40.42213176
15.55192555 16.83795958
10.03147965 10.07831191
10.7912199 10.37104069
11.20018544 14.32366714
8.06561779 10.12478413
9.279987113 8.917650566
10.98284344 9.350692597
6.830704047 7.666215238
10.82404711 9.052043645
6.245756909 5.835166138
19.61124669 15.60188081
9.592080714 8.987677313
8.830236216 9.031221382
7.298202622 5.027103295
4.764277161 4.833700806
5.0959477 7.230952251
4.697358312 4.920077754
3.913049341 2.982501297
3.037547559 2.517371141
4.472495493 1.738772552
2.865229616 1.496492327
2.034707501 1.639776383
2.53353827 2.656027765
2.745709034 2.645219329
7.880831247 6.175369153
17.14963226 15.01554008
18.35430441 15.16902949
13.21411906 10.02037012
9.340046673 7.433666898
5.651908925 5.441090817
4.975348137 4.125029267
4.084474889 2.844519911
4.638953324 4.88286447
5.791808059 4.27806127
4.767126315 3.77038491
9.428681171 7.075858811
8.915051362 6.382511
6.937582009 7.563178862
12.5696022 8.482219115
9.921522734 7.811021956
7.546602224 6.650220825
7.136054819 6.257794795
3.825455645 4.160504443
2.848513135 2.567929345
4.266234803 3.81566249
4.950541425 4.025228797
4.608524541 3.84780822
4.255918043 4.137136666
4.547669284 4.148107549
5.559016483 5.180434771
3.694345987 3.687915443
7.559057322 6.832346069
14.02200818 13.48662037
14.34640565 14.16028475
11.38955152 11.85601894
7.034620211 7.059310393
7.192354688 7.12776884
5.939850585 5.841466988
4.806562513 4.416539955
3.33501376 3.779208634
2.579927722 2.63716002
1.613803552 1.507098377
0.8098562919 0.7837289236
0.706077666 0.6188810905
3.833887365 1.372353624
7.685672017 7.716854562
10.68925807 11.1526336
17.29004825 17.57244825
9.197634365 9.897797107
13.62065112 12.95143539
9.258194952 10.38592991
9.223354088 10.02279027
6.753025887 8.208964507
5.313323755 7.601582037
4.756055375 4.792950016
5.572995061 6.959242414
8.127005907 8.009022186
6.951661265 6.719741078
9.526086739 8.162892912
13.66362417 11.35206906
22.0108503 16.38017977
31.01437043 28.57082086
12.06946838 11.45845548
8.867781828 9.063584054
7.990010768 9.55488473
5.770263638 9.529556029
6.725429972 5.365356096
5.628134477 5.71458714
6.018279976 4.984987299
4.744731984 5.730240614
4.843436184 4.961509804
4.485887956 3.709446648
5.159853622 4.888261613
5.243912183 3.869972775
3.009353954 2.816809587
4.471547776 3.847007073
5.769151783 4.694191938
4.729284178 4.313994142
6.674559583 5.173415528
4.464825674 3.221063275
2.844175644 2.081298058
1.211908364 1.705564829
0.8948319303 0.9867006317
1.227367825 1.481994973
2.153984922 2.203722363
4.39833849 3.239451606
5.730000217 3.493878845
11.84399094 10.58799131
33.12235092 30.36898496
31.90862015 29.51078505
15.48535677 15.33989525
14.72099195 11.02038504
10.39915313 10.94253109
8.450489169 8.062296632
8.329007469 9.068548624
8.807427787 6.356887967
5.79239242 5.750219909
4.892585047 5.779475928
4.881612912 4.776132999
5.637761759 5.91066849
5.65157254 5.106168572
4.738641644 5.453633756
6.508391389 7.740702384
7.065922203 5.757288237
8.357856713 7.497552076
7.770917121 6.866505059
5.412702817 5.326536455
4.860255211 4.95630761
4.496297705 4.729826047
3.296598412 2.963152805
3.374418576 2.744084703
3.284280091 2.902591014
2.909730133 2.324040591
2.977074377 2.146539164
5.001868772 3.887420626
16.95715378 14.12243036
27.77845772 21.59008061
20.19546308 17.83624522
13.40005512 10.56471022
11.36976477 10.68737712
11.77796113 9.349150984
7.775300577 6.18183526
7.876313118 7.28841302
6.36185415 5.533162073
4.417542008 3.979991825
4.514176795 3.818069564
5.641977508 5.23345562
4.64005024 4.224051169
7.229909809 8.148854221
11.5033838 9.883366361
10.19314222 8.448418906
7.332554898 7.090007538
6.450797778 6.790122733
6.387524923 5.97840075
7.184506547 7.581774543
4.574886823 4.321238394
5.942385725 5.428955225
6.129253647 5.269155138
4.558907821 3.871699747
5.05343458 3.869435853
3.440417883 4.805278236
3.014666638 3.576063021
3.800473588 2.331785475
21.68863917 18.97661726
19.72692156 20.04145576
10.89466822 10.64120951
7.833390529 7.406093298
3.912997124 4.24508088
2.668452504 3.00709903
2.070069822 1.858530023
1.488060656 1.55767921
1.571630426 1.435088977
1.14460606 1.098968117
0.9370563347 0.8377174959
1.142628467 1.130412075
3.668680709 3.250308986
18.20911935 17.17669872
12.88974482 10.95536866
9.443800014 9.768861898
12.60151048 13.11129708
13.45563717 13.28850282
11.31374449 8.649260625
10.5941548 9.31942694
6.792046874 6.780318486
4.934262654 5.028230947
6.007553385 6.349329222
6.293562157 5.276228478
4.404185664 3.801433467
3.346679114 2.919440744
6.798056044 5.965183036
15.95987709 13.48482899
26.1360742 26.44501677
22.30511095 19.55637345
7.081350466 5.403908139
13.84983749 10.50605076
9.853754893 9.733256456
11.19878298 9.277261515
9.972263712 6.848108227
6.647881099 6.043337181
4.61413937 4.260276507
3.579971977 4.403011664
3.020406068 2.981396039
2.778857945 2.402061426
7.123840648 7.022492782
4.688146452 4.239442237
15.30240326 15.92166225
5.784537896 6.190924948
11.28441188 9.950165212
8.031869642 7.411756054
13.69655303 12.7803746
7.056252915 10.70434616
10.76497617 14.02007314
6.293243292 9.120655569
11.90368371 10.48426587
9.027313687 6.478185625
8.428557142 7.14829519
7.914552139 6.969022856
5.854491225 4.700354259
22.36615194 19.40651812
33.94163649 36.18201612
22.68017662 20.64928587
15.98070783 17.19858128
10.6617922 10.35635708
10.15026119 12.14250047
6.762792508 6.338647255
5.545322756 5.253677135
3.828032265 4.141132661
4.581108772 4.714619364
5.692594803 5.551346112
6.00808686 5.786610725
5.052925552 4.398277379
4.267352842 3.396324795
5.350306878 4.963886584
11.30071349 12.67234228
14.33004007 13.96259237
13.07640054 12.68905407
10.66917043 12.87941288
8.693875821 8.79617984
6.691258964 6.735108654
6.450969868 6.803015177
6.827246173 5.996010846
4.513983659 3.744720321
4.245921659 5.070931176
5.118971381 4.876208212
4.563760184 5.00640148
12.01923612 11.37649128
15.99115988 16.04783623
24.58721594 23.14626728
8.218044543 8.535203835
12.62211871 12.07472786
10.9972285 9.044796396
13.89020806 12.63269177
9.285765589 8.29258948
9.455453635 8.439676254
7.080753901 7.019416956
9.117024281 7.693929586
7.334381418 5.065592493
6.686694608 7.133624378
6.434440739 6.983248971
6.328377292 6.502715567
5.657144194 6.494097499
6.15975343 6.307933435
5.297902639 5.338214872
5.264558174 4.945098513
4.821056658 5.599074588
6.424796803 6.136729679
7.695766782 8.438600032
8.636569612 8.553623769
6.154754288 7.243259783
5.486353332 5.826586444
5.214160915 5.815116992
5.783435144 5.637493726
12.68922597 14.53672275
19.85906248 20.87168262
14.80767089 14.63930548
11.41501478 11.43182428
7.11327051 7.962235254
6.013173039 6.466751678
8.064635087 8.035401907
5.929579339 5.968873217
3.553741247 3.912548491
2.866128667 2.540798301
3.182687953 2.97072207
2.955910227 3.844956377
1.764398707 1.570531598
2.67845959 2.827716771
16.64804839 13.01771913
31.69044895 27.71344815
12.3489332 10.80199527
15.24001352 13.5786412
11.64104819 10.35597678
9.117552849 9.867461095
6.702901812 4.703920611
6.230046051 5.616851985
7.383907526 5.201873538
6.626357345 4.779013647
6.118582462 6.253902962
7.498463576 5.358575068
6.537806385 4.94332991
7.558777685 6.152838148
4.972299924 4.123775119
6.23165761 5.275835191
7.151921601 6.951716083
7.162961342 6.707700417
6.677300377 7.430497164
6.740772047 5.857750911
6.689482526 7.974486495
5.871380712 4.886997705
4.612231839 5.200839893
4.678894904 4.403464144
5.381473268 5.563247392
4.411213275 4.361897549
4.436905773 5.502099846
5.94185253 5.805499055
4.908675501 5.132694989
5.271798846 4.442108342
7.119670832 7.701753299
9.307449334 9.152168381
9.178498156 8.748555528
9.056676319 7.910879307
6.261162376 7.531172673
5.332551402 4.813365025
4.782177358 5.091141599
4.503681939 5.422806082
3.689823331 4.576118282
4.869004217 3.986661181
6.009587112 6.870181064
14.50163806 15.46088528
31.92142081 28.70982149
20.32177758 15.16864368
15.57429979 16.59222508
9.692620708 11.39587432
14.08490053 15.32962327
10.42158659 11.01016802
8.92690704 8.096592263
7.039897633 6.700100243
7.826656694 6.593614077
6.749455501 6.810426638
5.074326138 5.247966703
3.64549193 3.723439824
4.955926336 6.228400632
3.399977785 3.523475201
2.754942874 3.858742409
3.61494481 4.447483499
7.277354318 7.290512501
6.703921393 7.701388837
10.59151723 8.717154136
7.20745107 6.293486983
9.58081048 8.601290452
7.203108494 7.029402074
5.807507806 5.197016268
5.179631442 4.912498688
6.34615009 5.632302862
5.206957382 5.248611026
6.444297861 6.055375845
9.729538053 9.639635889
29.40818699 29.4475296
34.75004066 34.73410436
13.05601057 13.17024869
8.82000415 9.116190648
7.047846981 6.978925352
5.918068946 5.43776279
4.884017519 4.503130148
8.648961202 8.225257966
7.664315798 8.339967906
4.794244351 4.898820416
5.804306118 4.70023152
3.239036331 4.027752613
7.828438253 5.312676911
10.34120538 7.087422385
8.41497147 6.908463146
5.894942524 5.095902308
6.798535123 6.285517992
6.36384446 5.886845311
5.176241897 4.590973829
6.411196334 6.352914179
5.029857452 5.031968012
2.374289981 2.119320135
3.205713939 3.384436516
2.642187651 2.403414982
1.58694839 1.552960067
15.11001958 16.46057012
22.8194957 24.93632865
15.20897681 13.18333925
17.21956209 14.29363467
10.91587995 8.860976376
5.470763642 5.296371472
4.934377939 4.236180278
6.015774527 4.970320574
2.757060826 2.665143814
3.172022063 3.841937174
1.95445912 2.549021601
3.3107158 2.403162372
3.086609063 2.44590686
6.353844629 6.471230772
9.669731903 7.662646333
10.17189976 9.94992456
15.86985784 15.13522189
7.112068227 6.824433593
10.07584761 8.898773302
10.51827059 9.148043838
7.114980844 6.406086524
7.39158872 6.563915445
6.150698313 6.093294555
4.458147729 5.246706995
6.298818922 6.256651969
3.978769938 4.22125541
4.025623502 4.377490515
8.290277179 7.929973518
13.6521055 16.34944676
16.16802031 17.85972928
21.49909857 22.73120523
9.481469583 7.652378131
11.90685381 11.03934056
9.143946083 8.337103936
6.686761666 5.555247306
7.218715889 8.597132988
7.238126042 6.454475941
6.967085103 6.430435776
3.970796293 4.087512982
5.007393785 5.800176908
4.828245525 5.312111507
3.840129637 3.438878664
4.655832729 4.354474035
4.329442679 3.683756603
2.492720104 2.370803607
1.54141998 1.520349673
0.7331035873 0.9342348278
2.005404428 1.804976036
2.647658091 2.530999096
2.142276868 2.250181191
2.420648122 2.180457155
2.276656076 1.962261007
2.819885398 2.305888003
1.366920656 1.301255086
3.010112716 2.191797346
6.019373501 5.551149432
18.62556281 18.00600594
27.57388103 29.64151461
16.94363657 17.47072371
15.13292204 13.98765129
11.15928431 10.21945906
8.320724534 7.270711465
6.834645631 5.652332329
5.437344678 4.738282995
6.357369602 6.507066105
7.288388529 5.928557611
6.032510638 5.511951422
6.798411448 5.864211373
4.965194369 4.870724586
4.368441594 4.824935289
3.77519717 3.713562094
2.692211604 3.080163724
1.625471663 1.453601775
1.290133874 1.247623323
1.929973226 2.125497635
5.371950046 5.637443802
6.526426171 5.806699462
5.219488055 4.399214929
5.650001845 4.48952142
4.887305774 4.051390173
5.110972528 4.419929964
4.039013486 4.131058578
3.759497807 3.677482476
6.004208188 5.535759587
17.55662953 19.34273385
24.63705215 21.10172988
13.02489276 11.87569982
10.88790822 11.13646186
10.34402082 9.558515687
10.23782022 10.11488378
7.088739455 7.42540496
4.836061912 5.146472994
6.843310839 6.030924212
3.891253699 3.522080729
4.914935497 4.185859891
5.195702479 4.880885343
6.231961632 6.202627243
9.023561225 8.028471923
11.64803787 6.397969106
6.912854898 6.076903331
5.977997457 5.36339398
4.0992782 3.680504677
5.568876548 5.418993992
5.535535308 5.447999302
4.164070612 3.914637208
4.180291329 4.304849198
3.651885974 3.270811479
3.61471299 3.160431184
4.177788511 3.587604249
3.111035711 2.759052086
3.142586794 3.217639336
8.177761259 8.914349289
25.03899282 21.84180161
14.90482226 14.99750825
10.44533309 9.594658662
5.696390191 5.814707832
4.80738164 5.317204118
3.658725251 2.846197343
2.721544945 2.847773403
3.255622379 3.097339483
3.835170118 4.258462526
4.452102297 3.854279834
4.150113405 4.166472659
4.256781328 3.817144948
5.268257056 5.621642313
13.49697867 12.86753835
10.92784213 10.09162852
9.710627318 8.244335606
6.893231441 7.442293184
9.625021758 9.143616186
7.602667057 5.953437584
4.648510751 4.114562199
4.895363651 4.981910579
4.941087476 4.479059025
3.73549114 2.816684791
5.513420492 5.596477963
4.692962561 3.785304455
5.469387582 4.71175102
7.318682596 7.422548031
24.07219277 23.90285657
24.52627994 20.56385615
8.533148817 8.809325402
6.040101637 5.084790835
7.70078489 6.63011908
9.282244569 8.8430696
8.109934072 7.3188534
7.067619824 5.11312356
8.788474086 7.635128572
6.713737147 8.285397261
6.758734739 5.171780539
4.860581584 4.8222229
3.259651043 3.80305884
4.616525653 5.078627602
3.628079784 3.81660488
3.112224104 3.012415117
3.142389221 2.423784804
1.946195191 1.844001888
1.521144759 1.920144121
2.960965521 2.800519667
3.107213671 3.032888001
3.101079946 3.063573472
3.957551721 3.963566352
3.528847916 3.198623502
2.821587468 2.698711469
2.518285812 2.689199409
4.09559992 4.12910062
12.15058471 13.76473056
34.15838147 30.17804101
27.46668332 29.47287992
19.41084382 17.89342756
14.45841632 12.16777001
12.74099756 9.026518543
8.029087093 6.955463913
5.479865191 4.6512847
6.544570624 4.956793219
7.479732679 5.061900963
5.299612306 4.231554325
5.009253457 3.704650029
3.812994467 3.294674259
3.81063727 3.156340178
3.545272482 2.401998043
2.039931295 1.746993138
1.486823836 1.334577313
1.293387284 0.9805121468
1.159985155 1.041438214
1.027304498 1.117889043
1.800218123 1.889185269
2.833553434 2.983774515
2.98172133 2.961145106
3.342279091 3.368566196
2.760418515 2.82922931
1.091758107 1.108969124
1.218327953 1.226623112
4.181488778 4.19523648
18.31081271 17.96636269
22.77193667 21.09087824
13.48504686 13.77529404
9.364508394 9.398821313
10.13339777 11.05081265
6.753789545 7.416390468
5.998329723 5.91885549
5.142399631 4.896236026
2.9790729 2.475041781
2.675278542 2.880728564
2.362441359 2.267228479
1.649324707 1.469765312
3.009319513 2.715138572
4.267331437 3.33858195
6.373568855 3.284255779
8.745947863 10.78374964
5.025660248 7.173730377
5.647167337 5.729712285
6.040998138 5.109536348
5.323555326 4.703996349
5.440659628 4.693626232
5.391883045 5.456423852
5.823147168 5.128532093
4.822940603 3.985891394
1.941611382 1.72286843
1.745685311 1.386530655
3.116485769 2.441659545
14.48849277 12.32792791
23.41853887 21.62498949
15.98701011 14.64850782
10.88614183 12.69036863
7.69774393 8.995299805
6.551838128 6.85025136
8.350003882 6.312185235
6.738115819 5.739236043
5.499961324 5.905222382
4.170311932 4.447628394
3.664794644 3.035198192
2.863367254 2.595611009
4.406175977 4.256438044
8.445758542 7.909621301
15.67811734 13.92671616
10.76256324 9.004832695
5.149870309 7.675282435
8.78826663 8.352553992
4.757145242 3.389464912
4.393040807 4.712744002
3.838628686 3.457431483
3.901753752 3.311196
4.561230984 4.59525824
4.680571632 4.304361722
5.455229945 4.1610023
5.295032387 4.730120364
8.535797131 8.383603593
26.74505444 24.13020099
29.21717566 23.90628429
16.1056748 14.3632866
16.5481845 21.22278225
10.67506471 7.601974755
10.68946867 7.945450483
7.890759368 8.693665013
8.406854434 9.178444605
5.502578135 7.055851817
6.152904002 5.572109692
5.846455596 3.972997931
9.64159552 7.015384828
5.74544631 4.672462828
5.488561208 5.046261341
10.92283399 8.378105486
13.68642947 11.08532927
14.58656432 14.19373067
8.264273007 6.34403384
7.944443782 7.801245837
6.370811889 6.646732751
8.02179898 8.597894613
7.374225191 7.278660468
6.179767833 7.195089291
8.122176281 8.681873308
4.098583755 4.810127167
6.288605997 6.958213413
22.27195806 20.72340504
29.68060156 27.5364138
24.28498289 21.98289169
16.91376467 15.56172251
15.68686338 16.11505495
12.03621142 11.85698114
12.24388228 11.32050234
9.535723105 7.06490437
11.40339441 11.13289893
8.048977857 7.436140906
8.776301916 6.928203976
10.11976161 9.407302151
8.78831699 9.013608378
12.60605362 11.41879554
6.562765142 4.519988261
17.60448898 16.23222974
9.515594427 9.635694031
10.06683636 8.043542407
14.89240405 13.83471049
10.60666991 8.543596456
12.73581877 11.867571
9.24106576 9.233454078
15.6246307 14.65370134
6.649043514 6.575675121
6.794353052 7.243520699
4.309653799 3.590158824
4.441027746 3.848961393
3.591835191 4.292971741
11.73350401 12.73542272
43.0957392 36.90712515
17.89802967 15.69145667
17.28350258 14.1561342
10.36012298 9.28299084
12.15829433 10.26141115
9.907943237 8.451021217
9.482970797 7.838964877
7.266990076 6.705294236
6.121566196 7.295822635
7.974413337 5.925674265
4.717386106 4.32493268
5.778170611 4.20464876
4.184092415 2.871159485
7.173864888 5.21061295
3.808871482 3.471718729
10.10293084 9.064549687
5.641484078 6.024016088
8.55384691 7.950300455
4.768297238 4.740149685
9.027958339 7.816218754
4.601012907 4.640334344
7.604357877 6.443258724
5.242546774 6.038326465
8.705910341 8.863475309
4.315877375 4.695893535
8.597306017 9.604230306
16.25207009 16.53953149
13.88826933 11.7156864
10.25039218 11.34566658
7.602290976 6.887864057
6.365842375 7.542675281
9.313765279 8.786822102
5.375590218 5.452570407
6.392069915 5.53678769
2.446232005 3.325409911
2.624015114 2.685696345
1.382651549 1.546685846
2.237052404 2.17202109
2.962874086 1.598113237
5.342090213 2.261238988
11.26516646 12.98321695
26.9741897 25.14925362
22.20864826 18.60470139
14.38211721 13.45620157
15.26575308 14.24381799
8.744384347 7.883694289
5.245396149 4.760602949
6.991742016 6.597717311
7.31793038 7.661151072
5.688543917 5.697225542
5.941489848 4.91978517
5.784778109 5.574785761
8.431908637 8.150749329
6.431042307 7.553335299
7.225755922 6.22091076
6.497063526 6.900969835
7.684412099 6.244794915
6.003985832 5.034771801
5.577883497 5.63515621
4.511326062 5.255044719
5.659360622 5.335045881
4.919700695 5.271384451
6.333128437 6.393741313
5.897864263 7.246911575
4.931700505 6.051783842
5.209370411 5.468590492
5.248790059 5.231511597
4.66217042 5.160081439
5.571291514 5.316112405
4.528994589 4.994836393
4.359157942 4.230133224
4.141682352 4.967917594
4.650529061 5.093402696
4.857456286 5.278856769
4.875644996 5.036582132
4.334631634 4.449141919
3.774463796 4.185818066
3.978248352 4.10974866
3.484108526 2.583373534
5.266921264 5.9647978
18.30712521 17.80538418
31.38151648 30.4082113
20.54901198 21.42032819
12.8669614 12.91553254
11.95728069 13.44718563
6.842786069 6.38962821
8.719676835 8.569874549
6.727782132 7.047496402
9.961854072 8.682716498
4.008910225 4.047306118
8.456080878 8.077746534
3.555260868 3.853087293
8.773749805 8.24887494
4.346121234 4.82960121
8.62985999 8.566177493
4.526232241 4.32415354
7.884485552 7.470839475
3.343503636 2.959825573
5.049099943 4.629049441
2.356796923 2.839121509
3.711079537 3.826372309
3.583770199 2.648185277
3.737258788 3.504593547
3.611653687 3.817831888
2.678346183 2.672824935
4.873930966 4.934870206
6.886289447 6.983065481
14.11335425 13.96233604
40.0230778 40.03362461
20.77372194 23.07372207
16.47723165 17.79523071
11.00910565 14.45787244
10.81960649 11.95198007
10.61089621 9.212390413
10.40770161 9.983209115
10.26842699 9.931345419
7.454038868 8.326131563
6.003290678 4.710667448
7.521471134 8.548240994
7.55891978 6.455571269
5.248652268 4.694769975
5.172104836 3.841343858
3.399954773 3.500348448
3.462487251 3.022539852
2.333091482 2.367124251
2.352809631 2.390591348
2.162206269 2.247723917
2.912110694 2.354742004
1.762705712 1.878414396
2.977243196 2.3337723
1.864179855 1.951393344
2.804053044 2.524756703
2.169234552 2.580078104
2.912639502 2.73882621
2.762055428 2.725970424
2.772952857 2.310520754
6.310457151 6.059949048
6.123307093 5.493038819
4.233671269 4.112747669
5.016275245 4.838299674
4.65659087 5.017199963
4.680765426 4.673347301
5.177813611 4.91401563
5.268871121 5.21749401
5.22615438 5.168298574
4.761758254 5.06067014
4.082099211 4.124870112
4.394444617 2.979263214
1.897502797 2.269222826
1.405844661 0.9896844281
0.8778230641 0.8621625639
2.700724618 3.013532829
2.296249689 2.325531877
1.54544405 1.722063994
1.845828385 1.876039042
1.879541961 2.083852313
1.343016505 1.536413529
0.6303249076 0.7271732446
0.5030515594 0.5473067053
0.3794037066 0.5906199254
0.151973119 0.239308821
0.2809880245 0.135448358
0.5031395601 0.4127053544
0.831657256 0.7252783636
2.607376877 2.176472474
4.259786082 4.298788065
4.065894702 3.70541305
3.323871347 2.722967003
1.442597556 1.929845258
0.8391844723 0.7706948938
0.8004851034 0.9009865727
0.4431529036 0.4534220174
0.2128441436 0.1580706863
0.2248881701 0.2281842204
0.1975575509 0.153539476
0.1781343352 0.1999821365
0.9820294278 1.053237698
1.560861517 1.469722441
3.385530033 2.983423451
3.605489288 3.107419849
2.927555582 2.512483318
2.942685027 2.352016474
2.86542883 2.56528737
2.711384184 2.247829506
1.159980266 1.596984965
0.7237509461 0.6458605789
1.790065013 1.378623015
1.674522133 1.555564146
4.260635763 4.744077884
3.584094129 3.749065778
2.657868145 2.644208799
2.490827019 2.530359169
6.264270637 6.209128071
5.166101055 5.379190877
4.414807934 4.672156496
3.340959799 3.597626787
2.160005843 2.658725514
0.8789043967 1.076329831
1.108451144 0.9527793434
1.283835128 1.204315317
0.6525765443 0.778594329
0.5703483634 0.7108574295
0.2025415637 0.2249827534
0.3025119519 0.3019556152
0.269854892 0.3733029226
0.7780424068 0.7191804629
2.365448914 2.176371044
2.192803679 1.925981433
1.966815598 1.910877399
1.845662338 1.508171924
1.53338493 1.278414048
1.193473612 1.095851438
1.363224822 1.33121192
1.180863191 1.03426775
0.9518812196 0.8805146031
1.264279305 0.9202588666
2.284883092 0.7250277409
4.027158165 3.145228328
6.609460022 5.959791034
3.836838194 3.559132384
1.782741855 1.246410295
3.826798487 3.144393373
4.325066935 4.320602894
3.615503198 3.348762439
4.893434483 4.456355275
3.575283152 3.489713753
2.765018065 2.519340193
2.477355671 2.137976713
2.555322126 2.469851879
2.866013542 2.499201623
2.59310535 2.121102728
1.998107264 1.79677983
2.829368168 2.453553787
1.917095213 1.397250597
2.286950327 1.84332672
2.376659785 2.043246311
1.714778247 1.35021183
1.907198626 1.407319285
2.168129506 1.955552777
1.268142334 1.175099752
1.615256882 1.290375427
1.5421918 1.387775116
0.8149023289 0.6942618787
0.598659547 0.5382010704
1.256149267 1.194156721
2.45383312 2.19604573
1.552487582 1.576168448
1.634971007 1.371179458
0.7947795792 0.6818855237
0.7569250148 0.5023617744
0.4261785084 0.3950108252
0.4104379611 0.3751935093
0.2969841892 0.2072643442
0.321242989 0.3594835727
0.3287848774 0.2987291571
0.3615003498 0.2972780718
0.3923499668 0.4309136691
1.010504005 1.002538899
1.615818374 1.371014615
1.850955612 1.557601379
0.7447068235 0.5982677313
0.9301600475 0.8179482454
0.9609851176 0.8404442184
1.147443473 1.026270866
0.8946831711 0.8376642093
0.8555913009 0.7293860028
0.8798953332 0.7818367593
0.9424153063 0.7892760877
0.4982978366 0.3605751172
0.5299614025 0.4475600896
0.6740037287 0.504146805
0.4446384786 0.309879859
0.5313381329 0.4169589365
0.4777572919 0.4109214479
0.3611757345 0.3149689715
0.3124939641 0.3230503136
0.3464059215 0.3157780319
0.3301142063 0.3030251246
0.2678089021 0.2406850709
0.3405600917 0.2655195668
0.3130346909 0.2317504892
0.2897178428 0.1572834542
0.3034535805 0.2242787173
0.3401355604 0.2724469891
0.3299055733 0.292353943
0.3713106969 0.3494996671
0.6224175133 0.5427461276
0.1899539661 0.1895476161
0.205204946 0.2134590317
0.1580852112 0.1387040615
0.1244186899 0.1056597969
0.06444009673 0.04966952372
0.05986646656 0.05151101667
0.03760771174 0.0244022524
0.02628795896 0.02686891705
0.01717221085 0.0111119207
