0 0
0 0
0 0
0 0
0.0007635495607 0.0007828219811
0.002177894826 0.001740304862
0.003215226365 0.00267999248
0.003571339057 0.003499555951
0.01386039057 0.01424147833
0.02874043046 0.03304204013
0.03281752287 0.03849226055
0.07103805902 0.07763844614
0.0811452532 0.0900206276
0.1093013763 0.1295667833
0.1194822035 0.1257643724
0.1019075383 0.1278138146
0.140535273 0.1742165196
0.1571540932 0.2024469567
0.1507907227 0.2130812701
0.1359104513 0.1709673634
0.1606918254 0.1989681079
0.4691083194 0.4577498777
0.3605012156 0.3723777605
0.3087652702 0.2944039777
0.2526144453 0.3331865896
0.198880268 0.2385754528
0.2729633307 0.2670673399
0.274927521 0.3344134007
0.2661182701 0.3500580852
0.30356588 0.3890662756
0.3369673314 0.4089668831
0.2480918044 0.4053659471
0.2198129272 0.3167953042
0.3700306686 0.5047543997
0.255966157 0.3697292338
0.3068523693 0.4036321601
0.3192821262 0.443890173
0.3088876842 0.3849448111
0.3098911674 0.4379808549
0.302769136 0.3653013543
0.4070724669 0.5666531173
0.47899117 0.5146291555
0.5081296985 0.4623347135
0.4659410066 0.6308527
0.4980738305 0.5585859497
0.5823582388 0.7690621952
0.5013582447 0.5974110781
0.4712224239 0.587688275
0.5095317037 0.7759394367
0.5051289739 0.6340635981
0.5054647073 0.7786191004
0.6345085592 0.6119632735
0.5284376279 0.7502069746
0.4760304729 0.6358558733
0.4652068369 0.5100906001
0.5995531133 0.7546573885
0.5229142112 0.6665728516
0.5787548109 0.6917265006
0.4883582112 0.5305478333
0.4541263143 0.5037444321
0.7440431442 0.6219423094
1.650085589 1.732961349
2.77170438 2.63034603
2.506552345 2.350780338
2.163997953 2.36223479
1.767556214 1.438977689
1.753523988 1.318718158
1.463188803 1.227865797
1.323718374 1.17252127
1.230154183 1.091900468
1.067323984 1.110995242
1.084742971 1.115027387
1.432281327 1.236828664
1.03317084 1.33227514
0.9428657386 1.032159474
0.6654971893 0.8536937182
0.7092453224 0.7044570643
0.6233281873 0.7651480496
0.7262960632 0.6340669455
0.64052543 0.8808799168
0.9739885924 1.011766428
0.9174424707 1.289517124
1.411045848 1.588251033
1.300987051 1.554038045
1.512471351 1.713615449
1.642994031 1.577715134
1.355703633 1.62917404
0.885307121 1.277966135
1.400217598 1.637375388
1.207349939 1.930439503
1.553905907 2.110216344
1.146778694 1.781759166
1.043054924 1.603391879
1.142443224 1.612364176
1.433305732 1.862255174
1.096964133 1.76379307
1.184850891 1.626900847
1.051883207 1.690295145
0.9796399517 1.655986071
1.032125249 1.842935313
1.277294019 1.557566288
1.219525251 1.652572819
1.128715386 1.354138671
3.740004062 4.008726165
3.465205396 3.701968694
1.267096666 1.499025374
1.075177879 1.50464769
1.251162202 1.961219158
1.044964772 1.248387813
1.063179346 1.258115479
1.116663268 1.953016227
1.07836075 1.608190188
1.064555081 1.081882717
1.100813247 1.307383408
0.9727355841 1.532304864
0.8000215229 1.089291177
1.085780972 1.532356859
0.9151454561 1.587217395
1.203326325 1.610150479
0.8992932655 1.105789483
1.344207847 2.022539378
1.651957684 2.078739661
2.244558982 2.269294294
2.704739003 2.869104142
2.354449077 2.829090877
1.921274186 2.692655522
1.852539734 1.930773901
1.729182115 2.340137592
1.823457243 2.063790118
1.702918089 1.946849117
1.480094737 2.409600033
1.68722916 2.087990373
1.674534829 2.152902467
1.145606631 2.113726877
1.754020964 2.228562775
1.442905621 1.830593755
1.433594891 2.173677443
1.453876556 2.061309041
1.309803603 1.318880898
1.072078537 1.539512334
1.304516229 1.801743481
1.203751633 1.166379736
2.17233729 2.021250594
8.122460392 7.907610469
6.67495301 6.46078699
4.430634602 4.374789094
4.76984608 3.178339266
4.985873037 4.096542466
3.908109429 2.871571443
3.709581355 2.99181709
2.746046962 2.464053193
2.864464331 3.012763329
3.428514217 2.883714786
2.032238274 2.30838245
2.565737017 2.426786865
3.011297007 2.786742522
2.841215442 2.901691447
1.87048147 2.210641118
2.996448768 2.721959986
1.978642977 2.235299075
2.215391791 2.089939358
3.080984258 2.815586031
4.285642141 4.44843441
5.593394084 4.782027111
4.934291819 5.338667685
4.872309757 5.464465494
4.160983493 4.738571706
4.171326965 4.785699181
4.259771035 3.881704389
3.477239746 3.40981178
3.496550305 3.513115018
2.600199838 3.586946468
3.686079204 3.817556415
3.224102203 3.501874259
3.40102179 2.848926239
2.646445021 3.240886521
4.129643327 3.277739438
3.139315652 3.106145653
2.883415757 3.076514859
2.752385669 2.348470751
3.271310451 3.250582656
3.575543687 3.294073435
6.957751775 5.773081539
6.749289761 8.071467142
8.134814219 7.72792876
4.663003834 4.290855637
4.374730632 4.477635556
3.720560742 3.621785705
3.702955176 3.385546752
3.03244546 3.443131586
2.862987733 2.996709337
2.685974256 2.712056525
2.716042092 2.533561179
3.035491148 2.528843553
3.104416817 2.414182796
2.562863337 2.228101259
2.515475902 2.361369604
2.918940921 2.650698453
4.166876242 3.091237955
4.42190512 4.065971015
4.326202697 3.936990756
4.564757138 4.223213453
3.922917577 3.586791715
3.817256904 3.570079698
4.452903452 3.83786612
4.901896443 5.441274315
5.34543716 5.474548515
5.255746056 5.285854438
4.743097553 4.060129961
4.226411232 3.89704719
4.501943539 3.519259451
3.648864452 3.043597276
5.723155397 4.754601238
4.053289832 3.536422927
4.682677552 3.761355114
4.372961526 4.214326022
5.123414603 4.155553274
4.0924357 3.508027538
3.983569215 3.560785345
3.709612663 3.268872102
3.291462149 2.623772507
3.340674268 2.412905357
5.217013013 5.557376697
9.32807627 9.46470963
7.762942663 7.730823349
7.347579705 6.247400424
7.327969517 6.361499708
6.440643526 5.210541395
6.098168953 5.402260638
5.909465304 4.238745504
4.440170802 3.533327706
4.243057053 3.70775319
4.831611487 4.427692526
4.749285337 4.427920807
4.686222176 4.734117888
4.431112021 4.314035601
3.803505338 4.597448916
3.7672427 3.807385897
3.351826863 3.133571689
4.129763008 3.682236479
3.904646461 3.904817462
3.717394602 3.674365547
2.950727643 3.26867544
3.664504912 3.96785709
4.653864258 4.894718858
6.656154658 5.830750351
6.14812105 6.371845328
5.364430858 5.854122684
4.865617061 4.060214508
5.27751894 4.897472865
5.381043613 5.523219083
5.398151153 5.538944676
5.101039262 4.740087587
5.024835571 4.801846863
4.827090788 4.74692009
4.45421295 4.471073715
4.134860115 4.342633798
4.380222449 4.222975104
4.21522672 3.909240847
3.335877504 3.249589744
4.213739054 4.246075435
4.514158478 4.292409545
5.091172033 4.540681127
5.6446395 5.834663393
5.489176195 5.412027728
3.759470982 3.629127385
4.130094408 3.594886212
5.038820075 4.719858925
4.773638326 4.907988335
3.969290055 4.191993843
4.912907312 4.701266266
4.862638691 4.609795928
4.431944304 3.757738195
4.620135488 3.824827027
4.00886284 3.66708151
3.577376081 3.067482745
3.089463879 2.882945968
2.986298575 2.787246761
2.39454139 2.306465802
2.663205056 2.169662716
2.553721069 2.352995371
2.347369696 2.377014019
2.494411507 2.437286415
3.181406277 3.196567361
3.288162485 3.158052087
4.218508781 4.129810851
7.223534351 6.985819466
5.823374462 5.989926465
4.92296984 5.051466503
4.227441914 4.46999454
4.313462 4.294325126
3.371043949 3.405894317
3.968867468 4.140195806
3.831592315 3.62245715
4.258905393 3.874887834
4.279532168 4.142236712
4.144203688 4.64523106
4.955295843 5.364582929
4.486132893 4.895094104
3.625154346 4.021985984
2.743789534 2.947960032
3.128131438 3.034171075
2.467400004 2.642762569
2.404196204 2.699570092
7.134235574 6.997267941
8.996848323 8.636926462
7.567709244 7.433195857
6.562412425 6.22955087
6.68427179 4.970622116
4.661199577 3.763904452
4.824850447 3.882673081
4.103361535 3.094692776
3.417776695 2.952960244
3.211792371 2.795069426
3.270287544 2.98002257
3.380504321 2.609826016
3.048139662 2.601107532
2.654557258 2.430713394
2.625476039 2.582613035
2.937902404 2.598006081
2.440040172 2.364129907
2.328021178 2.131914735
2.329920962 2.17813504
2.591017561 2.235529867
2.717376981 3.225813647
2.902407465 2.801318704
3.476312704 4.179319621
3.728132535 3.658056121
3.830006866 3.983969287
4.005098588 4.387760342
3.144190844 3.406937953
3.502181594 3.494440416
3.93527667 3.640891399
3.22464618 3.374684763
3.542510702 3.78591679
3.397161327 3.771826356
2.785181536 3.406338461
3.525785272 3.451080121
2.879681802 3.310772616
3.047770236 3.151991161
2.822991031 3.327737789
3.056928372 3.386700589
2.554093229 2.937296343
2.704801104 3.3392538
4.890188785 5.190131344
8.30192863 8.257341813
5.498954334 5.68697799
4.27508001 4.103924841
3.932450349 3.964534009
3.754903285 4.065698017
3.563969214 3.755979649
4.567623127 4.337359622
3.64448523 4.379138418
3.858369728 4.221490427
3.517846838 4.116897034
3.223551613 4.032681769
3.238145579 3.825908382
3.888318039 3.720078553
2.837557758 2.486633239
2.736498691 2.4610975
2.893185418 2.654963446
2.677324161 2.258156988
2.484690974 2.093662869
2.075770262 2.265306865
2.276193651 2.694296913
2.923950903 2.582868068
3.486648169 2.700180885
4.750138727 4.53243496
4.975405223 4.755577611
4.506770213 4.602837143
3.87322529 4.313547283
4.306732672 4.318894686
3.940315796 4.474121087
3.567002361 3.833585374
4.341792728 3.964971779
3.65450788 3.523063304
3.562861797 3.338645893
3.79005006 3.915265023
3.847788519 3.990241091
3.390427236 2.936042683
2.562938629 2.813232728
2.575008382 2.599710614
2.665292072 2.599880589
2.640942467 2.437547032
2.788039689 2.798353429
8.287192452 8.284863714
7.181565599 8.050734656
6.347462891 5.862670017
7.398323622 6.296065842
5.963242352 4.517239068
4.617954589 3.725701161
4.802971118 3.167991439
3.923738418 3.691881309
3.740182763 3.173082373
3.849849829 3.114489684
3.466849447 2.878983987
3.543142383 3.069453859
3.475139134 3.553738191
3.794662219 4.123853429
3.795199844 3.848021442
3.113625314 3.286101721
2.770586713 2.833689042
2.523181531 3.042753677
2.853588942 3.355810803
3.304108264 3.269552013
3.353838785 3.553513665
3.758249765 3.510538962
4.322870973 4.073302853
4.128369309 4.253371721
3.923181778 4.078596093
3.455587504 3.315808815
3.653841278 3.171188117
3.707122338 3.391643076
4.20304896 3.902306358
3.390361462 3.206408947
3.128058886 2.89714936
3.194653051 3.037999041
2.709602166 2.957999315
2.871765731 3.013226263
2.678010928 2.481105553
2.547968312 2.419224659
2.572973536 2.827449792
2.062048456 2.318090422
1.998020377 2.428439083
2.308775792 2.137128919
4.150867425 3.643779672
7.312849402 7.796338506
8.726874148 7.300620314
4.902528498 4.560472049
5.729060073 5.384671777
4.540372621 4.641749756
5.537960091 4.779015578
4.21672074 4.08073903
5.063949365 3.747457539
4.564090973 4.251119343
4.131303093 3.255012922
4.005889537 3.329464866
3.677352422 3.17615174
3.525879345 2.813896251
3.211396647 2.95754951
3.517474867 2.817095134
2.938353429 2.577709943
2.896362979 2.36586333
2.5284908 2.56103589
2.650851084 2.180393356
3.087322136 3.294661741
3.695351979 4.101849207
3.846461124 4.674782783
3.382185534 4.406628799
4.001979745 4.897202843
3.415486949 4.118855725
3.299882805 4.374970202
3.204522711 3.955100417
3.956669306 4.596920646
3.634784997 3.911227929
3.927455287 4.153608022
3.898121365 4.363260281
2.753498752 2.958906959
2.539171868 3.004611601
2.188851972 2.465843913
2.041922318 2.309213409
1.753689407 2.136028259
1.402418935 1.786222679
1.610549957 1.800521404
2.33927348 2.151985633
4.925750085 4.746534983
9.350468174 9.72852248
6.86923385 7.179322482
7.030587187 6.589731756
6.717896614 5.38214149
5.167960556 3.915468741
6.354479372 4.506975279
4.760730492 4.129278408
4.765435165 4.188425153
3.972889823 3.52152228
4.479739833 4.04034948
3.490170243 3.376495217
3.760774156 3.819850618
4.239882717 4.085762094
3.765780071 3.50915535
3.611640376 3.650339743
4.102024095 3.926728847
4.455119607 4.021817851
3.411293286 3.762518286
3.930423081 3.606964858
4.951229803 4.635005285
4.766278095 3.738389149
6.183189052 5.567435862
5.417176651 4.413350378
5.065323186 3.996233295
4.766824574 4.575538696
4.783827026 4.146008273
5.003721879 4.426444031
4.979674073 4.385441501
5.09078068 3.932005033
4.689341046 4.18164322
4.804539722 3.851079875
4.124921513 4.605995279
4.74733961 4.359866657
3.96539223 3.930116485
3.921583713 3.277920644
3.655946573 2.809798317
3.033741123 3.108202845
3.120302714 2.927662574
3.757170612 3.784968767
8.818161307 8.310125507
5.669537169 5.342072612
5.280419751 5.579642166
4.330831628 4.73449228
3.958227056 4.312664175
3.535668972 3.903023746
3.757162561 3.9276892
3.457140831 3.612298579
3.337420815 3.5613888
3.162239597 3.274601812
2.890282282 2.682395243
2.907475763 2.872619692
2.469400937 2.607160691
3.041883188 3.01365361
2.933714679 2.846333281
2.859564245 2.73437185
3.503893235 3.309064109
4.119654306 3.949278882
3.952026882 3.970824625
5.010698162 4.941829866
4.172914426 4.347259915
4.219050287 4.216768764
5.703925697 5.579069295
5.575361335 4.988450908
5.389218034 5.461319724
7.822114702 7.164616825
7.132169387 6.590539019
6.608573778 6.347988383
5.042531896 4.211786011
5.497731611 4.855399372
4.932307628 4.600624472
5.241723924 4.528351071
5.718177709 4.787743159
5.835355464 4.874285825
5.075196119 4.149825459
4.245048196 3.506214493
4.05193462 3.414733929
3.383575661 2.700313538
2.974546328 2.730772146
7.769383729 8.427323265
7.602581678 7.491988308
6.091230595 5.783542964
7.408685747 6.394730833
6.307251535 5.207437167
5.156031857 4.640661611
5.517605046 4.695006165
4.481743968 4.629074633
4.205843495 3.801901125
3.886548437 3.793937199
3.903507566 3.162212278
3.359150268 3.306525238
3.75184596 3.366295909
3.361257922 2.90629606
3.375618263 3.145362719
2.844941291 3.029003114
2.707297554 3.0176884
2.64403349 2.681113734
2.947462707 2.758102145
2.804049074 2.954568212
2.63465592 2.398423536
2.551827822 2.347652355
3.490171219 3.514579512
4.139754131 3.875411615
4.772250484 4.118071604
4.839721175 4.825433668
5.548098815 5.109434958
4.638957297 4.327148439
3.700616246 3.563254686
5.06812629 4.312116609
4.436454387 3.84307757
4.367844041 3.880456343
4.894624651 4.531842795
4.416963039 3.811095357
3.789390555 3.63297821
3.511570042 3.335614093
3.889448395 3.861779276
3.625355877 3.851405174
3.728418236 3.881598851
3.84253545 3.986128387
6.853955148 7.056267732
5.816916251 5.581227781
4.274863148 3.907146689
4.780090878 4.460142917
5.620846962 5.168583018
5.430248143 4.513783558
4.930764151 4.328974035
4.033635131 3.636801082
3.559355493 3.197975994
3.58724249 3.316202832
3.634748963 3.368984052
5.157796233 4.605850928
5.805528452 5.089858142
3.57382538 3.519831932
4.758208454 4.914839018
4.760037195 4.725525738
3.961358447 4.286887014
3.918047237 4.023560072
3.625456896 3.947073674
5.376474711 5.02762865
4.892544991 4.224204945
4.943700911 4.850711788
5.095498317 5.091157075
4.727093063 4.511495078
4.859061882 5.158994208
3.912136475 4.144495417
4.299356875 4.49482145
4.397717562 4.323046633
5.985532608 5.199681016
5.018383147 4.635242452
3.968839554 3.870019304
3.8689921 3.887455902
3.755297145 3.286909153
2.654520806 2.698441103
2.703419053 2.585710854
2.559200193 2.302935619
2.864466179 2.390626357
2.564855602 2.429214376
2.661334693 2.71856436
3.13815549 3.324381095
6.942868185 6.835712647
9.278080755 9.009285354
7.5950501 7.38205479
6.80545751 6.289562905
6.75957052 5.167208137
4.716897449 4.315847104
5.228052055 4.198453897
5.088291346 4.420821381
4.600239323 4.450873883
4.793442693 4.087895385
4.310976718 4.10818268
4.470529512 3.984744465
3.724428744 3.89912102
4.185286601 3.827842026
4.042490041 3.976140179
3.784511739 3.479818962
3.200442944 3.039845515
2.522266772 2.317772029
2.332210185 2.07581196
2.379605722 2.551147945
2.73109973 2.68216523
2.950213296 3.354918638
3.44830042 3.568818969
4.14569312 4.612884996
4.409837074 4.993639425
3.373034751 3.827510027
3.508242396 4.027279616
4.175464331 4.362941621
3.916853034 4.038590466
3.756725326 3.819909826
3.683717394 4.181383459
3.219034937 3.699100969
4.647607423 4.964186343
5.0580613 4.9969396
4.210695377 4.564797758
3.15998543 3.130856137
2.676855096 2.633117133
3.248899788 2.795468907
2.801931686 2.67349229
4.475838668 4.700871124
8.4825998 8.1080637
5.262262799 5.341070483
4.523258384 4.922878947
5.929614045 6.341569967
5.066930849 5.592886051
4.59425899 5.224138913
4.118101343 4.003846909
4.620912374 5.337155312
3.538602354 3.747360486
3.093725801 3.803008433
3.513227471 3.827045471
3.293986956 3.840355332
4.584041552 4.129189142
3.583467612 3.637201302
3.059251095 3.482637265
3.490555829 3.617984747
4.003409717 4.385360631
3.503537065 3.399632017
2.967590355 3.66811451
3.270636765 4.088111665
2.954796213 3.601799266
3.266592432 3.169992639
3.037457598 3.429642924
3.284603683 4.116425094
3.364959677 3.404374429
3.350648604 3.880451474
3.472775752 4.658792543
3.048451493 3.291780013
3.018491827 2.938978866
3.545507868 3.743301311
3.225519703 2.510473727
3.269676054 2.732671242
3.575502899 3.148465158
3.071995307 2.899893704
3.147245972 3.433523867
2.712218526 2.576216064
2.854345483 2.497453416
2.56699008 2.619640569
2.644085444 2.292104039
2.972841553 2.539878221
10.74373408 11.19027372
8.14187379 7.777435288
6.613964687 6.535747527
7.194422249 6.313916442
4.987816591 4.865915869
5.694267074 5.402828516
5.398833841 4.642813298
3.899215651 3.844772604
3.868614124 3.408751853
3.335960716 3.887373737
3.89685507 2.846771375
4.08258981 3.371224891
3.868935077 3.375901027
3.850649346 3.572060363
4.006744974 3.900141051
3.507356377 3.780784005
3.409717758 3.70191424
3.33833201 3.254902465
3.661728177 4.281305988
4.432628016 4.133712647
4.517906203 4.476248345
4.561653359 4.559531157
4.106227254 4.403554506
4.199648761 3.948261363
4.41158615 4.397243086
4.130653593 4.235900217
4.400642176 4.595375385
3.608358144 3.967939817
3.426090722 3.328570571
2.993569148 3.442068301
2.972368991 2.917985295
2.708986273 2.96195263
2.980192742 3.046805013
2.602518492 2.924691126
2.632495702 2.97913142
2.92939384 3.238990224
2.660059294 3.094146467
2.732845112 3.459668095
3.417347408 3.737976435
3.435609399 3.589662035
4.542910627 4.045811123
7.159832294 7.433446388
5.504990857 5.249181634
4.990599153 5.585807264
4.142434356 4.54793535
4.980271615 4.674676997
4.544471848 4.905133689
4.458803361 4.572930049
3.915319087 4.178873044
4.345779492 4.668805212
3.875060132 4.04527448
2.588692743 2.820038832
2.688445801 2.490906993
2.974535604 2.277332997
2.248580784 1.981723389
2.395320651 2.202196678
2.542645476 2.192343221
1.551229385 1.849700776
1.321769164 1.83068404
2.12703125 2.500095094
2.892224473 4.536028411
2.937702308 3.006153855
3.14227226 2.845647573
3.346263481 3.868906677
3.563272034 4.079389574
3.954276019 4.529691653
3.889273672 3.926862418
3.203534283 3.722545995
3.438955423 3.458202112
3.639794582 3.561054084
3.725698596 3.335766942
2.754007628 3.232463838
3.234939828 3.524603947
3.334527403 3.087139532
3.300499823 3.13367132
2.263031318 2.356399074
2.86778062 2.374153408
2.207415335 1.898898828
2.424125829 2.072869925
2.478121967 2.299659516
8.069180486 7.951674747
8.018033685 8.441530516
5.970396451 6.677893046
6.334303735 5.759331776
5.112945005 4.276464236
5.18796822 4.794944203
5.183786549 4.870875947
3.161609376 3.685281386
3.438640685 4.299864207
2.734496926 3.615041302
2.660948761 3.592879047
2.864674227 3.507788204
2.678230276 3.316895387
2.744122857 3.161058713
2.616489733 3.373653589
2.909467795 3.242678848
2.205038063 2.781544398
2.388227447 2.608110605
2.289441907 2.113992668
2.389417031 2.570732245
2.815491554 3.054493578
3.326908321 3.20807411
4.545213829 5.063804772
6.525552524 6.699052561
4.257260598 4.666438858
4.915458768 5.498281667
5.150308916 5.418412407
3.779662061 4.011956378
4.816671271 4.72268636
4.930837454 4.412985685
4.360253548 4.329163589
4.058774092 4.254291833
4.668703963 5.227653454
4.381008113 4.982975632
4.242832055 4.828373835
4.273852828 3.7588134
3.779482789 3.654971675
2.664532882 3.243645243
4.175846913 4.278120136
7.141172901 6.743114348
4.498285787 4.076066387
4.566264762 4.257968355
4.037351304 4.252193338
3.500320201 4.28481187
3.478158168 3.615545826
3.080257613 3.228207903
3.288125118 2.927631301
2.80838271 2.576535503
3.116004758 2.518361042
2.791634863 2.475388841
2.366892408 2.433581819
2.329185872 2.652313241
2.354748326 2.587494033
2.670919215 2.799419839
2.784579646 2.946378096
3.64908381 3.653165784
4.194688126 4.279371557
3.743213193 3.450982405
3.859552217 3.87955485
3.359866617 3.469225203
3.513279176 3.527718085
4.203114752 4.150059095
6.250994312 6.38750154
5.467087776 5.047390771
4.678106041 4.102843522
4.062549901 3.825583617
4.616791937 4.477779897
4.857066755 4.930809233
4.793490532 4.658547069
5.715516686 4.914395676
5.368666507 4.487492349
4.992596904 4.100319462
4.777443456 4.358371859
5.491267087 5.413520179
5.939627 5.412990837
4.870429221 4.104811063
3.887262369 3.512631231
4.457271816 3.728650793
7.429115009 7.39286281
8.850070425 8.821014646
8.173427076 8.113930958
5.461343094 5.938914299
6.916697296 6.241733449
5.939351691 5.256013027
5.694217037 6.006326138
5.174750435 4.866453132
5.530289981 5.257762853
4.166308035 4.765658797
4.694025819 4.746235233
4.730007421 4.444534369
4.366105694 3.71958875
4.020821048 3.93898649
5.034532244 4.644794669
5.299760361 4.754878798
4.26311103 3.857614229
4.690371358 4.51653308
4.130430602 3.658704248
3.774404116 3.65346786
3.65745639 3.368514268
3.16776618 3.355518677
5.806802167 6.006456846
5.452000374 5.391255693
5.351356586 5.447825667
5.857787432 5.250992258
6.487936989 6.520667121
6.201046572 6.097639741
6.05659846 5.815942636
5.462828621 4.996740364
5.15523812 4.655283781
4.652639799 4.730894734
4.199535582 3.86731591
5.319574842 4.803304774
4.844987334 4.960011544
4.795162722 4.168568404
4.25834963 4.663593173
3.798951159 3.810035252
4.361252043 3.983798924
4.347747127 3.763579158
6.61267307 6.126066599
6.839715101 6.45228307
5.174716029 4.62597422
4.880572129 4.593643437
6.027168179 5.65638642
5.700183818 5.58532135
3.646804005 3.798178655
3.7783575 3.813011037
3.787243426 3.727366203
4.566650903 4.579468394
3.726024536 3.734877082
5.257859637 4.249237443
4.290592198 3.791563968
3.625312061 3.534503104
2.995347951 3.005153091
3.110902326 2.860592951
2.390021397 1.928628395
2.385052706 1.984733925
2.733893765 1.876118726
2.25383418 1.527885635
2.725771574 2.450951257
3.442464796 3.842140926
4.12316291 3.674553719
3.794160601 4.171602485
6.800064231 6.914840193
6.121464683 6.20003668
3.891693234 3.668395648
4.31881244 4.629305326
4.334632973 4.168010455
3.748970441 3.782158455
3.905605617 3.40599576
4.249415305 4.331542499
5.38738496 4.854565905
5.162661369 4.570395067
4.163964232 3.638706734
3.147764913 3.591886242
3.078351706 2.888830734
3.235172257 3.155337678
3.321747937 3.151439987
2.904138659 2.914202928
3.63291688 3.307282031
8.864238253 8.822040417
8.777262347 8.877336346
6.945901404 7.274682688
7.416538598 6.234424173
5.900435732 5.388055646
4.334680722 4.312809339
5.680111946 5.00649476
3.472179509 3.860728328
2.867962193 3.095160138
3.313564162 3.120509292
3.035318582 3.08017734
3.277224345 3.406015622
2.755461622 3.092311043
2.783918226 3.076751798
2.251115049 2.432383413
2.478213318 2.362209223
2.41659386 2.376785532
2.260944479 2.178066538
2.471175943 2.018122509
2.006646674 2.009925824
2.100020556 2.221666078
2.876214204 3.511348077
2.261080253 3.165696214
3.011398087 3.418492791
2.797256404 2.898955042
2.723595116 2.578653679
3.329825116 3.467433724
2.931923782 3.751353366
2.866014672 2.990002542
2.836932921 3.49637951
3.046509725 3.420168975
3.207319574 3.076562081
2.697472473 3.317737598
3.428727756 3.097178343
2.69734099 2.437088174
2.822895734 2.391111185
2.389214597 2.342425843
2.463848517 2.596952585
2.276508152 2.733018403
2.317869298 2.717117889
7.003378135 7.418216346
6.66516347 6.337876699
4.512748055 5.335480619
3.623681943 4.837814938
3.82600458 4.106151494
4.233641711 4.422062103
3.454038981 3.494613479
3.377914406 3.729427889
2.949154057 3.813524693
2.803186485 3.641100219
2.949610186 3.512886423
1.950755353 2.636029866
1.995460184 2.049663118
2.219236631 2.45471606
2.291397587 2.067531797
2.39641615 2.110847982
2.104445407 1.544052102
1.672328425 1.595727017
1.702562055 1.842537838
2.229504432 2.247906471
2.597477587 2.438734025
2.969666838 2.704259222
3.196645764 3.146974314
3.750901841 3.826062847
4.413210518 4.832528705
3.769890564 4.310516842
4.4782452 4.572877283
4.323278997 4.537715674
4.417770734 4.461911815
4.321877444 4.666038957
3.777909554 4.130457473
3.641859456 3.711055664
3.838209069 3.469580768
3.33199428 2.772484511
3.208309388 2.482288145
3.128185358 2.720377452
2.659160681 2.769884974
2.572298121 2.384823869
3.04037486 2.751036823
3.369798792 3.002287787
5.519222055 6.006234855
9.099495364 9.121492139
6.623616467 5.793206727
6.332417662 6.22212004
6.705181563 5.044305466
5.421343663 3.56246525
4.43440102 3.218191982
4.326604937 2.841911014
3.827993188 3.133994921
4.216703073 3.081741212
3.856492908 3.437820954
3.787355758 3.398686597
2.977909709 2.93877609
2.880227108 2.6799408
2.001279742 1.918025503
2.02930946 1.88238278
1.964490111 1.938553845
2.042089714 1.891529418
1.745024369 2.084254412
2.073341094 2.103198536
2.467341988 2.856865374
2.33487362 3.027634757
2.592652799 3.071768175
2.736335071 2.98800498
3.069332607 3.568818881
3.617289722 3.93514174
3.6907516 3.912355072
3.145583881 3.514880899
3.142746779 3.587050261
2.867036286 3.290350557
3.642323995 3.509059045
3.17376944 3.198538847
3.254838992 3.294765877
3.39731451 3.300178032
3.359859669 2.792028986
2.828296715 3.280121369
2.511042562 2.990041661
1.871400943 2.008047943
2.532707669 2.43880337
2.711306282 2.382633085
6.713689656 6.357192184
6.606052893 5.867669653
6.052911672 6.064796872
5.348319434 4.814404241
6.018294418 5.789691001
4.832745787 4.407906857
5.287390323 5.146883235
4.526791921 3.649277694
4.690750824 4.228933501
5.697948463 4.17285483
3.983469983 3.375462999
4.771960881 4.290890154
4.4006382 3.92502972
4.576186333 3.880131293
3.079291051 3.007413094
3.944923849 3.5065342
2.876307639 3.017194575
2.575928499 2.282409053
3.080582955 2.670354094
2.105340349 2.519203834
2.634910145 2.584719978
2.66913499 2.955089968
3.162056373 3.992855333
4.426935438 4.757813555
5.116583808 5.603680958
3.963262487 4.493666085
3.221522976 3.786583682
2.878213713 3.594443198
3.154231207 3.16909032
3.512662363 4.043171568
3.002344689 3.13638247
4.665157447 4.162243655
3.386080652 4.064595136
3.104577628 3.680317668
3.101855881 3.626897108
2.820267763 3.318664105
3.359679406 3.709996015
3.49856984 3.164617685
2.655416888 2.34335425
2.817836095 2.013480322
7.581722436 7.481496078
7.649685368 7.549390328
6.623460922 6.498459227
6.354557672 5.698525212
5.127753603 4.781407306
5.006738416 4.4977039
5.133532767 4.135430098
4.170177509 4.254563229
4.225266116 3.997097164
3.156888156 3.02458867
4.521029357 4.230124193
3.710129385 3.624279074
3.301939359 3.272108518
3.275146015 2.969408819
3.358325634 3.240640798
3.535345224 3.458821547
2.342290924 2.313582859
3.390829377 2.864883153
4.010192904 4.193985752
3.623713725 3.735639576
3.483642653 2.937223648
3.961667009 3.588697806
4.462602552 4.414371149
3.886477946 4.196344048
4.111605771 4.113356743
4.054863612 3.922515771
4.148454815 4.144594345
4.124674662 3.449643613
4.304150815 3.703338654
4.628878351 4.786308208
4.560485369 4.036034879
4.455288039 3.832021068
4.45202333 3.968290688
3.717128275 3.311511039
3.231881604 3.249058475
3.119202364 2.703259556
3.254577931 2.834751815
3.419735313 2.62434043
2.285001402 2.616424425
2.712205267 2.406587931
7.791480657 7.314914964
6.84290476 5.732418429
4.498124059 4.730665301
3.881922902 4.129096593
3.803961382 3.962502292
3.474097032 3.419490989
3.51948956 3.396361192
3.102196156 3.26482051
2.807832637 2.926773615
2.993394978 2.965092997
2.693406452 2.548988934
2.446404967 2.33369294
2.772808366 2.459171266
3.180773548 2.773534114
2.942283016 2.664592942
3.396064924 3.228114208
3.417492624 3.313925189
3.540782598 3.386261
3.329116672 3.338297111
3.164784756 3.24476712
3.052524476 2.887349746
4.256965398 3.936056233
5.570139784 5.50851147
5.123120748 4.956449941
5.432538854 5.566779865
6.758584061 6.603905223
5.913901078 5.861545918
5.558552673 5.354755106
5.165705353 5.113711663
5.054006247 4.360034106
4.127124896 3.804438698
4.324178161 3.995373374
4.204632062 4.406954973
5.984786299 5.605697655
6.37897563 6.551420757
4.10177455 4.252415031
3.827999876 4.242370106
3.822037903 3.640568866
2.683787195 2.583233208
3.245325816 2.687917856
7.808877208 7.750960539
9.452379412 9.848616658
6.313804374 6.191494434
5.156294414 5.61114801
5.887376559 5.017740522
5.375930848 5.604546414
4.000718572 3.639306674
5.108037799 4.145911139
3.917320745 3.957935306
4.180042769 3.998827021
3.43117237 3.286191889
3.360316523 2.759788836
3.238769417 3.188617868
2.775882929 2.515078139
2.187373308 2.924244846
2.483546039 2.525337699
2.593406153 2.774326707
2.431806198 2.579998797
2.388760869 2.416834778
3.525277599 2.927961099
3.576549522 2.568150418
2.953634341 2.66249916
3.708454879 3.620300397
3.565593913 3.429212189
4.375328135 4.111282253
4.288409581 3.976955494
3.946632443 3.86164587
4.304731023 4.014969504
3.81760729 3.268872694
4.692268613 4.061100501
3.808935055 3.032207761
4.233327902 3.48421069
3.943556301 3.416449074
3.566027629 2.688575273
3.543862174 3.23870076
3.31221785 2.872098593
3.527152111 3.409223755
2.643976717 2.700564868
3.439467888 3.009696081
2.706131043 2.573237794
2.669903131 2.613360021
5.14326533 5.665525069
7.222721729 7.434779536
4.685979936 4.632530406
5.162200083 5.464852007
4.890462286 5.195623813
4.135555847 4.45046141
3.710405277 3.740818819
3.923738781 3.888390447
4.567136439 3.982275566
4.727699913 4.436582661
4.522436636 4.227912011
4.164364572 4.206929453
4.320139249 4.528983499
5.362108771 5.13419062
4.600276595 4.57490425
3.944487401 3.856021769
4.356000702 4.27187997
4.77938444 4.339043574
4.851437921 4.670401317
5.507071672 4.691952709
4.618719796 4.854569488
4.530494238 4.823227008
4.342548072 4.35172324
4.681312541 4.052754335
4.420266331 4.220740869
4.382461198 4.566965734
4.177539614 3.691611727
4.472938574 4.713815659
4.478652117 4.223325934
4.5597253 4.51117561
3.467365631 3.338111002
3.788463577 3.423651398
3.573444382 3.326095191
2.828194935 2.456530606
2.553319666 1.88526782
2.556761961 1.808064206
2.198759419 1.824015965
2.40804803 1.842131975
2.924510268 2.130264641
3.00191159 2.531936982
4.241569112 4.10120237
8.597800049 8.717005287
10.78903089 10.64762813
6.678878526 6.555604479
6.252548878 5.256689045
6.798174384 5.4113752
5.171734895 5.250161266
5.912813293 5.40008843
4.278357962 4.947077489
3.941397864 4.311332866
3.709865526 4.38837578
3.504209601 3.854548017
3.671430664 3.512694363
4.034784985 3.956646309
4.428063079 3.925370296
4.200884349 3.571410414
4.447303181 3.741008023
3.144326858 3.374528956
3.040246316 2.965352072
2.597056013 2.338557413
2.175814369 2.072674287
3.339509417 3.424868134
4.161723624 4.410432671
3.405312222 4.713242436
3.748039365 4.071855126
2.966554254 3.256865629
3.423084224 4.25528818
3.301049359 3.872358907
2.699456598 3.128347793
3.534761305 3.910487663
3.387745796 3.358939399
3.408556033 3.366140889
3.912760339 4.273283051
3.701086511 4.072188867
3.304813019 3.249893675
3.113126147 2.774745136
2.469675258 2.741793909
2.502986277 2.498241893
2.38097306 3.02238353
2.444833594 2.439571711
2.85099659 2.799621216
3.497677601 3.305039379
8.06739176 8.418683741
7.75108554 7.3918106
5.518918003 5.655041193
4.712849434 4.989299357
4.30446097 4.24256539
3.734058635 3.891579447
3.69771754 3.791796617
3.607978983 3.4371211
3.967556763 4.241685065
4.232762645 3.653937492
4.219498586 3.67777013
4.71053236 4.649243917
3.503677282 3.463471647
3.861159469 3.655707781
3.554184474 3.69964271
2.985631181 3.049612946
3.505692912 2.901342065
2.627140456 3.094234845
2.914005725 2.865648099
3.462253945 3.429876553
3.319162004 3.50361368
3.446867742 4.214456777
3.419482385 4.376875183
4.419225099 4.712143953
4.070587734 4.778247555
3.192607438 3.333222155
3.408603231 3.913079423
3.336250891 4.232489391
2.815928993 3.436805157
3.341620459 3.481582979
2.845990163 3.374102505
3.149381732 3.165221419
3.561335325 3.470437965
3.113470349 3.321600425
3.021670401 2.783674667
2.503051467 3.005470918
2.514028659 2.597912659
2.807277598 2.86630611
3.364649287 3.711241056
4.205307219 4.00299294
8.248372717 8.027629417
9.278977257 9.172348072
5.855665446 5.875870165
6.418578332 5.812656
5.994694824 4.970302719
4.273308514 5.023398967
4.769041082 4.028508943
3.768469291 3.072264292
4.318859809 4.038126777
3.733641538 3.716618946
3.495053564 3.730965938
3.192697877 3.103660336
2.29928238 2.664516434
2.516675336 2.935867006
2.017936481 2.942141976
2.385887838 2.494118189
2.134642921 2.400579665
2.326936065 2.306723701
3.157181047 2.429634543
3.456332016 2.84740918
4.51332602 4.357494335
4.425637724 4.094487881
4.835532794 4.49494324
4.297726252 3.833623742
3.796738731 3.676700931
4.133990837 3.750066517
3.631299871 3.61109584
3.433230906 3.191942173
3.381325155 3.861049987
3.596602056 3.48593269
3.280492873 2.932264597
3.669448485 2.932298934
3.298012663 3.172916144
2.617927691 2.454085164
2.912014334 2.679533826
2.885256315 2.593044008
2.442616006 2.429405197
3.076454981 3.123297081
2.710877841 2.977992201
2.58996154 3.100741823
5.505015901 6.28920254
7.934224895 8.079387177
6.578174564 6.211641725
4.752464302 5.27093097
5.487140005 5.603472705
3.648618069 3.935060128
3.939417134 4.473027035
3.341648351 3.923465989
2.719794806 2.966235232
2.834917089 3.334327432
3.111867116 3.351814348
2.777637332 2.831978436
2.152612725 2.466585491
2.79271049 2.506262526
2.0494518 2.239360256
1.773287231 2.104493484
1.676961286 1.754865653
1.688582252 2.06130459
1.971688649 1.7794664
3.57633765 4.747695881
3.541502532 4.749518127
3.178119037 4.015454301
3.514518523 4.755594189
3.418801454 4.272096344
3.386080902 4.689336655
3.388491955 4.42530347
3.438732623 3.622952015
3.347565002 4.788499261
3.16300697 3.038381118
3.322005842 3.444230687
2.866577803 3.161181033
2.874456602 3.131704725
2.405547189 2.437159102
2.112044627 2.595183381
1.905752959 2.269987696
2.022993492 2.306379935
1.668615443 2.01041771
1.84995634 2.02346323
3.875391378 3.54461481
3.803583411 3.804020881
10.09876937 9.542500939
6.200502274 7.49193075
6.556681023 7.913123572
6.530024776 6.66538169
4.817548866 5.879423955
4.783633617 4.689480174
5.058883289 5.007700274
4.697385103 5.205349677
6.31843405 6.206557623
4.708556752 5.679816673
4.601306398 5.011733952
5.281929918 5.731772548
4.445658933 5.266116183
5.072175474 5.302625786
5.196465485 5.243670233
4.982558495 5.150232722
4.504835459 4.89509467
3.984532626 3.252980058
3.266974034 3.464355883
3.35465873 3.163323414
3.846465819 3.815362593
3.911470749 3.540481122
4.025209833 4.76798656
3.735316543 4.73131202
3.599161626 5.184631593
3.500573975 4.450280783
3.366301327 4.083878266
5.174270479 4.869260244
5.787206491 5.043581941
4.930408186 4.317917652
3.564050635 3.422985264
3.188870429 4.021892351
3.514585661 3.645813522
2.959809502 3.213351307
3.319445407 2.745015186
3.077479492 3.169229524
3.798613536 3.453225907
3.020822511 3.163692422
3.31183327 3.12060386
3.824261994 3.571916047
4.114945991 4.436507252
7.873348695 8.06870428
8.017120329 7.61350254
5.005918495 5.396924869
4.799297383 4.894423799
5.709033292 5.222360287
5.137230086 5.343797785
5.022079969 5.708574152
5.769007077 5.331917297
4.334728342 5.056124481
3.479724379 4.334036255
4.266877835 4.697071532
3.643684845 4.241532685
4.572330413 5.024200369
4.284790245 4.658144938
4.639111569 4.13386981
4.171677296 4.058186593
4.362472734 3.758970369
4.19489415 4.401727381
3.782341908 3.65672999
4.261463142 4.4627217
4.602448407 4.563579526
4.931940629 5.210617322
4.308280555 4.608042731
4.59472092 4.698058433
4.354866939 4.931256654
3.818120615 4.236223969
4.61593401 4.833089715
3.543658076 3.865826475
3.923086259 4.056390156
3.951350838 4.263422673
3.848174461 3.898847683
4.367710194 4.476051393
3.468995392 3.849237528
4.357957873 4.058557726
2.837504009 3.265271615
4.078727347 4.050993959
3.727341335 4.048086644
3.29107398 3.414780798
3.85229323 3.871632946
4.695583276 4.124630931
8.601755479 8.534174882
8.213134061 7.381017078
10.11216818 9.351344971
6.110406034 4.614721619
6.572631138 5.311299827
6.240410317 5.455894908
5.493560673 4.995849024
4.501960473 4.229091752
4.971965959 4.618239682
4.409302443 4.50158658
4.034505473 4.317415183
4.420000703 3.915447732
3.932324899 3.823146172
3.538429747 3.153539784
3.456770856 2.768832727
3.206189132 2.973848313
3.387261192 2.626265789
3.159500845 2.959585442
3.139600183 2.807637723
3.314349151 3.212797911
3.760389324 3.429621314
4.331316419 3.479330088
5.594616265 5.764065936
5.492577526 5.576721449
5.118722568 5.004039763
4.456926015 4.388279922
4.643221632 4.579400072
4.377909269 4.44843282
4.020876826 4.27168987
4.283579602 4.731243701
4.396220623 4.420902303
4.884268986 4.937581565
4.548562304 4.235032532
4.572212807 4.428432004
4.059737796 4.445347271
3.387848714 3.648095776
4.340225808 4.16106692
3.725337024 4.321437034
3.655711215 3.539096274
2.982841378 2.822676401
3.206661964 3.517120382
6.232593125 6.459332422
6.936145707 6.869974591
4.277734127 4.184612572
4.728265937 4.786701408
4.26780161 5.099139704
4.781090257 5.000839737
4.295432506 4.62910983
4.426885552 4.700382983
4.277609006 4.220168003
3.403036208 3.33552761
4.043472593 3.873436108
3.760652326 3.859782463
3.88250982 4.111475409
4.04052443 3.687932468
3.421310661 3.177023598
4.331748644 3.877963522
3.354939256 2.89127429
3.955229062 3.396016855
3.144532528 2.782396631
2.740237018 3.109004589
3.82166957 3.235852934
3.852650925 3.587765634
4.749841807 3.999117523
3.741235086 3.245793743
3.70136374 4.182197305
3.342070207 3.826882962
3.37282664 3.818943994
3.712801324 3.6629109
3.144864552 3.39447826
3.745662525 4.064194466
3.228574495 3.329800581
3.551599121 3.812939468
3.718856103 3.586634967
4.280617606 4.592721306
4.363745547 4.285119486
3.827527236 4.08616567
4.406198219 4.298138758
2.906618448 2.846780667
2.787132818 3.15474105
4.120554063 3.183568453
10.19133238 10.00743521
7.795657611 7.272299273
6.136545485 6.057017025
6.593624662 6.602786566
5.864436451 5.213026916
5.138265123 4.89205493
4.701219707 4.319298678
4.070657745 4.068306766
4.131107623 3.636194531
4.39702447 4.198746014
3.367272089 3.121852672
3.403818203 3.278162776
3.413518768 3.481268491
3.281704397 2.889806553
3.572575232 3.070380457
3.294556854 2.711601033
3.35636346 2.915710568
3.473806229 2.574495352
2.2904327 2.018309134
2.472430987 1.899606639
3.61228949 2.689453678
3.622614907 2.730400605
3.546717231 3.675029762
4.57062819 3.850864987
3.958842361 3.85078981
3.256158308 3.0711731
3.64614068 3.810878641
4.237539888 4.151347622
4.14317378 3.646250327
3.548281639 3.022966116
3.076568101 2.827574611
3.446722787 3.541380909
3.544088613 4.163590179
3.693639279 3.360069099
2.5346574 2.95359491
2.356870597 3.133760955
2.255922761 2.707213257
3.496653639 4.143708304
2.714752915 2.635853204
3.652344382 4.218420784
6.761220421 5.450181139
5.759166832 5.337515534
4.000342359 4.290201161
3.557227104 2.932417477
3.665329556 3.747004946
3.174109586 3.480296935
3.374368661 2.610452018
3.174902341 3.026298404
3.128623985 2.44190603
3.116348456 2.709689018
3.458329952 2.951805513
3.16696197 2.415974947
3.157059015 2.742266586
3.366887316 2.736746156
3.359997497 2.815255245
2.77444116 2.817017839
2.814356338 2.351462551
3.119480352 3.002873354
2.487976561 2.364783594
2.885921737 2.504629234
2.579093965 3.070328446
3.283627722 3.454049019
3.505091539 3.621461397
2.927808311 3.450262162
3.270691053 3.189153193
3.373575179 3.6027317
3.516785724 3.485301393
3.335979891 3.703321248
3.231565848 3.120961948
3.325856179 2.833436371
3.493035415 3.011090749
3.796684271 3.258528757
3.39368451 3.692433825
2.768768109 2.39150485
3.109394573 2.546892121
3.011347956 2.317761868
2.780004599 2.693917401
2.683221775 2.308635005
2.242413877 1.793569846
3.020232273 1.992734188
5.612694151 5.068742044
9.135928305 9.280762401
7.64805904 6.868309522
5.874824813 4.634667826
6.371921635 5.011780493
4.340127966 3.933361588
5.896550012 3.699048727
4.126824982 3.27701237
3.63590523 3.071489604
3.692895284 3.010762877
3.422317698 3.003538102
3.503433527 2.531513313
3.77153655 2.779308455
3.042663282 2.69282605
2.885991637 2.213342034
2.682879971 2.0659936
2.678394964 1.923455145
2.681771699 2.096300531
2.670618971 2.296444964
3.079544925 2.373836479
4.071102565 2.945876869
3.695666425 2.643700254
4.623022228 4.012431931
3.902052614 2.862979009
5.977386893 5.15006181
4.587006622 3.604497009
3.362609395 3.229798874
3.683077829 3.968104325
3.764441914 3.301070601
5.627304346 5.100816225
3.374462163 3.596993279
3.37445219 3.680190855
3.240325094 2.600194876
3.625736215 3.793827556
3.730970871 3.034302239
2.77828163 2.921811923
3.419386154 3.079124611
3.070620113 2.896373287
2.825864672 2.949994481
2.613047286 2.27329529
4.355413811 4.450992849
9.469233701 10.08387744
7.105311058 6.600599728
4.96536146 5.431367758
3.966243217 4.551243938
4.519926608 3.413985116
4.164288681 3.31548139
3.878824442 3.693387374
3.983380945 4.108005571
3.660358525 2.941200856
4.542957146 5.644097266
3.515866998 4.852171227
3.952287161 4.143052136
4.250210217 4.467091192
3.999708522 3.796977792
3.556587309 3.287810972
3.613534636 3.380956718
3.380505663 3.615773331
2.831962737 2.374494219
3.871776975 2.940607911
5.583790503 5.312850872
4.975921546 5.485611956
4.953840521 5.62474587
4.6711694 4.802021588
4.387935263 3.663444847
4.26870412 3.807606887
3.646737787 4.204635647
3.739346734 3.999533988
3.761726309 3.552895745
4.891863419 4.920204567
4.031066166 4.709625303
3.707782148 3.793271217
3.083607208 2.880482155
3.433193074 3.082484942
3.129980876 3.701159564
2.385322609 2.143211697
2.577282324 2.386103997
2.906451088 2.962487517
2.336431146 1.409633627
2.116375575 2.119899721
8.748372142 8.707076874
7.537727375 7.571140713
5.8783985 5.915309455
7.499668354 6.109929235
6.494343963 5.367490374
5.700520809 3.53779001
5.288614313 4.204684939
4.206822877 3.780163335
4.04047775 3.342714107
3.743894963 3.880851889
4.459883709 4.269726643
4.846616308 4.024906883
3.882803063 3.715813696
3.8876613 3.598729247
3.58395424 3.403145535
3.669206314 3.373359107
3.069171804 2.418965136
3.65959166 3.339938411
3.478063042 3.588088251
4.767252753 4.120181929
3.44685337 3.979603966
4.054521099 3.841187552
5.098043357 5.075035388
5.246517157 5.473606868
4.093524298 4.245154865
4.057660151 4.448811586
4.577808963 4.853668474
3.727359488 3.753159903
4.738272252 4.405618435
5.547906023 5.283418608
5.068629595 4.961174717
4.240425813 3.519866459
4.433388923 3.612319245
4.655382067 4.262605282
3.897512659 3.716588355
3.68570421 3.249714285
3.401360193 3.883551663
4.150735482 3.924297448
2.882995769 2.632664599
5.621748228 5.552801784
11.12172528 11.67058694
4.492886781 4.560376672
4.66441939 3.971510103
4.704136543 4.126310966
4.174079186 3.526085696
3.750709618 3.567535747
3.771381169 3.336803744
4.165436468 3.764866449
3.659537982 2.844100334
3.986938742 3.426693378
3.611314573 2.807497492
3.898934547 2.952184752
3.568892062 3.286864306
3.501207797 2.123357283
3.7279907 2.895655268
3.155923635 2.698684271
3.886526994 2.817747644
3.034725487 2.146792493
4.063663091 3.180132688
3.360872179 3.438726783
4.776469112 4.309137918
5.329608773 4.800416555
4.128915966 4.182186987
4.670868278 3.972971063
4.453633421 4.154816154
4.542524223 3.807347489
5.362580193 4.254744231
4.652964987 3.384164236
4.186394369 4.183294533
3.933446816 3.053599594
4.266636227 3.946837186
3.886453697 3.4043851
3.709048396 3.146268221
4.710734798 3.886919146
3.073879211 2.756804971
3.688719578 3.614031798
3.605274029 2.815994897
3.219010911 3.313960116
3.374602773 3.273487323
3.678948148 3.659179328
8.978462693 8.045303685
9.493213661 9.309561762
6.762493839 6.031683535
7.076499544 6.405528086
5.637066912 4.804230861
5.829195617 4.984549397
4.549740991 4.136576377
4.185297083 4.145288381
3.657710905 3.184523827
3.648560138 3.900818411
3.81168347 3.445394638
3.602236589 3.589429014
3.65415997 3.666943537
3.288541354 3.563845533
3.673074633 4.31892083
3.198624666 2.822107445
3.115756507 3.526081237
3.247188004 3.181493968
2.957423152 3.060807765
3.895422171 3.43049289
5.184301626 4.334712022
5.259639287 3.901672166
5.363498014 4.88989212
4.695958519 4.142327488
4.663943327 4.096908847
4.100479488 3.403478324
5.075183848 3.515137985
4.928072249 3.19968939
5.226365996 3.390312132
4.094058096 3.174836628
3.477855701 2.6364899
3.763610543 2.868164202
3.27504654 2.184382984
3.784367148 3.255138626
3.401429921 2.510560268
3.354698266 2.693871785
3.224992686 2.842915694
3.182346056 2.657249919
3.75405931 3.300168643
4.520920838 4.851339248
8.163984287 7.430860563
5.862206952 5.302106544
5.229417282 4.529861452
4.812086637 4.378181244
4.440073635 4.467174629
4.641482502 3.91872373
4.730106748 3.901660491
4.940958929 3.568263817
4.327577969 3.689085442
4.726162273 3.782064815
3.351274166 3.524740746
3.708821591 3.372305118
3.428231607 3.22352052
3.055160927 3.018871301
3.596232843 3.28449269
3.822150755 3.233375763
3.343706445 2.555770512
3.109901299 2.667700779
3.503604229 2.809850293
3.945128919 3.449387141
3.346420438 4.056036886
4.309954047 4.588216295
4.924083573 5.105925634
4.467868425 4.351651122
4.917093029 5.415755427
4.105408791 4.087899085
4.702508017 5.15026917
3.720447324 4.720389224
4.522394908 4.060301345
4.305304023 4.328532604
3.312352594 3.097046437
3.997961853 4.1725339
3.31256556 3.57801575
3.492355112 3.799256496
3.246735158 3.803475162
3.270414282 3.288112279
3.309402032 3.277466324
2.634763145 2.730268535
3.433911046 3.468357303
7.762166789 6.983595156
7.163658335 6.352068785
5.861079549 5.980776337
6.587844487 5.706925655
6.919196305 5.986873851
5.128806052 4.643586072
5.043679492 4.764856353
4.109795374 4.337764094
4.565415826 4.009825438
3.961058009 4.235567901
3.809784212 4.29275159
4.46300445 4.544022548
3.739180994 3.853789118
3.724926331 4.011017469
3.955602254 4.29375701
3.227740124 3.399368343
3.632608277 4.227821883
3.456841194 3.805662482
3.229930316 3.304806598
2.877147555 2.757215405
2.139336822 2.422987955
3.467141623 3.543568773
3.762779206 3.766571485
5.436121871 5.654578163
4.06893827 4.500156536
4.380970084 4.42016438
4.490660477 3.777090331
4.55760758 5.070914986
4.678580003 4.559685428
3.597610356 3.608826295
3.687565568 4.004410059
2.987610343 2.746085035
4.738428865 4.4477394
4.260900018 4.116760738
4.279563341 4.018369781
4.551192831 3.714000072
3.254738523 2.72637406
4.660710956 4.750541072
3.613054414 3.68575063
3.857254777 3.409520971
3.872265203 4.008685859
8.621483886 7.476615503
5.797858815 3.788288463
4.301696037 4.080211448
3.759081531 3.860923743
4.398303031 3.759301991
3.029952798 2.546226763
3.924147076 4.105671657
3.234358654 3.097473147
3.408121401 3.47451867
3.625737848 3.572920987
3.090816803 3.035752306
3.458129107 3.507667168
2.712556157 2.76292656
2.922019165 2.988029472
2.868007141 3.131529941
3.060736483 2.674617109
3.051051919 2.978616411
2.633579344 2.066163169
2.963001675 3.027006024
2.206876754 2.756115661
3.564966568 3.198952536
3.817501632 4.071359117
3.354982448 3.068472525
3.676768624 3.227266261
3.529090955 3.827574437
3.463388537 3.617135819
3.288884563 3.204421724
3.246600607 2.882732186
3.785371468 4.045964694
2.882905741 2.935222857
3.66282245 3.529409405
2.771317791 2.787294763
3.827441003 3.532340629
3.14843695 3.16755952
3.088246905 2.7113495
3.36004362 3.165999439
2.463156544 2.36224571
3.277935936 3.003684955
3.173869339 3.140139612
7.906042335 7.405717032
8.521611085 7.750710871
5.968260606 5.832527885
6.448785866 5.758085454
6.020521306 4.590341838
5.011842141 4.834189089
4.407659144 3.507865912
3.901570823 3.731449335
2.946268398 3.27284204
3.46789399 3.195855742
3.532447829 3.603208184
2.769842657 2.533990221
2.640674737 2.872057163
3.148622785 2.994772055
2.929554772 3.292141912
3.05621529 2.959885252
2.308717618 2.922165361
1.90538045 2.421984757
2.148271889 2.216646517
2.242100827 3.240882583
3.46426441 2.767151078
3.557163184 3.66606331
3.736936434 3.578373353
3.79781422 3.197962029
3.711370601 3.689728504
3.594884064 3.453403532
3.642212507 4.617916795
3.449966181 3.454602213
3.040502401 3.238491181
3.55229753 3.978693683
3.452466203 3.036055954
3.14613741 3.792618013
3.222547599 2.890316361
3.247316436 3.576909311
3.079877098 3.104094647
2.494606312 2.469191463
2.509107494 3.234166691
2.762110846 2.232723016
2.26885953 2.413634056
2.392067703 2.988461824
3.811303909 4.131835991
7.214350828 6.6899503
3.909863669 5.192937394
3.183942381 3.068836518
2.846332463 3.017053198
2.769307872 3.286136471
3.387494407 3.918777829
3.762900449 3.515456188
2.767823105 3.087839557
3.187115902 3.315520673
2.562783894 2.343092069
3.077007758 3.750674577
2.321992804 2.888485794
2.924938964 3.289535846
2.941191413 3.151515223
2.624651362 3.101700137
2.347305737 2.679924266
2.301288929 2.541180271
2.153967118 3.355001039
2.393966317 2.600727796
3.435880029 3.411275002
3.974025186 3.84171546
3.253987775 3.119585165
3.181945555 3.550248328
3.040830353 3.388827187
2.48919624 3.287928393
2.336739098 3.41895246
2.542124105 2.882848429
2.268325441 2.708685873
1.90380804 2.494106979
2.305082847 3.067233058
2.170926441 2.679979037
2.220902241 3.119643069
2.474593815 3.1656966
2.183696682 2.45258379
1.923301796 2.577370658
1.787194291 1.931789434
1.495171912 1.646316349
1.422690417 1.557484635
3.216111792 2.380909668
9.312514651 9.305910808
7.897970132 7.476871925
8.986025673 8.702190594
7.585526412 6.668281053
7.088706522 5.935522574
7.623821646 6.740894213
6.409276875 4.608258098
3.717922461 3.971332874
3.466099618 4.059928452
3.233049213 3.536035054
5.140510935 5.086366903
5.226583802 5.900091588
4.013531782 5.58053274
4.835742674 4.750953871
3.892436143 6.411338559
3.392262076 4.599667848
3.394124456 3.896615001
2.849046336 4.168644616
3.230296381 2.534262102
3.558924943 3.145491061
7.310530252 5.577912121
5.879816078 4.551293886
6.996159559 4.690221758
5.415021543 4.822533766
4.957515529 5.15181926
4.598509747 3.665589002
3.764802519 4.276976671
3.407688202 3.054773157
3.962955857 4.265413441
4.936284326 4.97259622
5.407343989 6.135845344
5.277169814 5.356192154
6.22925733 4.837714461
5.858018162 5.855770773
4.013397953 4.882219791
3.80245399 4.659877833
3.379362865 3.525174522
3.165923446 3.676271698
4.307233583 3.009803164
3.558718441 3.567778384
6.378769743 6.471009765
7.592590468 8.235273621
5.882366739 6.218350788
5.55643289 6.161841174
3.626491211 5.019130984
4.056708536 6.102452695
3.829834278 6.434926669
3.439776418 3.340824199
3.150275947 3.757675713
3.18102398 4.269132138
3.505287864 3.996680463
2.90156699 3.431879437
2.849449412 3.840193003
3.230610285 3.593490671
2.815072711 3.117538322
2.824421181 3.66288912
2.799434464 2.72444261
2.545482191 2.980874132
2.619839734 2.891702569
4.56214062 3.741748251
3.914442996 3.908670846
3.673090742 4.253968527
4.122264982 4.615915828
4.680386348 4.566449834
5.318902794 5.133091144
4.736693539 5.152333391
4.897870846 5.248917891
4.979082481 4.987062684
5.097396931 4.197632473
4.318573974 4.613340297
3.127781354 3.252769788
3.825902083 3.336775978
3.455126947 3.187244164
4.010454748 3.69205653
3.948360404 2.997700238
3.275974542 2.896495072
3.373442342 3.292115418
2.727700348 2.4328114
2.380696926 2.72873762
2.912845484 3.107960105
6.751872016 6.578873745
8.922094044 10.40435643
7.814585042 8.648595516
6.674412565 6.374356351
6.146715856 5.066898221
4.98703099 4.820828198
4.990881895 4.041769577
4.955062217 4.260043964
5.520402559 4.690558053
4.787137436 4.064000331
4.834204567 4.250469088
4.627238167 4.476915686
5.013030181 4.665189582
4.591974158 4.715575878
4.872068677 4.432060225
4.699644439 4.710873995
3.922907003 4.260703507
3.769273001 3.730857996
4.027899033 4.380012013
4.01540239 4.023448658
4.269412306 3.88465628
4.271752799 3.881284504
4.966242308 5.278391142
4.891806513 5.280436402
4.300733748 4.437303311
4.364223915 4.156157744
3.92122027 3.439715805
3.476581114 3.227863614
3.280065669 3.514316004
4.391142076 3.965127297
3.667498524 3.427831154
3.057771318 2.915332254
3.02703014 3.616037934
2.939733119 3.340365643
3.186312315 3.359902741
2.888048322 3.198079333
3.180637204 3.318637366
2.993760929 2.895495297
2.636540374 2.842699368
2.715226584 3.025406738
2.759038153 2.666106854
7.321729903 7.288363929
6.352063929 6.049665706
3.984371193 4.170445685
4.641849318 4.685399533
4.89694497 5.500869832
4.94480189 5.28966394
3.364404283 3.721363101
3.539237866 3.931381981
3.739616946 4.074442473
3.259506225 3.595233939
4.58428316 3.940950527
4.251252228 3.49434102
4.517017046 4.776354966
4.054858112 3.928734706
3.862312248 3.416991555
3.697650271 3.46291782
3.771326245 3.661017339
2.823148758 2.994486029
2.612157952 2.264015033
3.115686537 2.833869225
3.451734948 3.029055946
3.23278037 3.400080791
3.124160491 3.966637838
3.268533242 3.58586887
2.712081516 3.281036507
2.592552785 3.324064373
2.401622137 3.293774349
2.699648519 3.078726733
2.598232245 2.732652566
2.329663966 2.598643667
2.318020529 2.447365076
2.517755928 2.721888278
2.528310177 2.850558714
2.678994628 2.912318139
2.558827541 2.868815448
2.693254004 3.226639448
2.806719139 2.933087528
2.678736271 3.040149114
2.697102553 3.152670552
2.696688809 3.001759226
3.784361093 3.844226349
9.77254508 9.077795605
7.64088911 7.81965119
4.825836771 6.084160737
5.134228616 4.3267878
4.06485479 3.389269968
4.921945379 3.868187524
3.73891104 2.575777584
3.502817301 2.811964711
3.031431918 2.518119748
2.684825195 2.881301057
2.941602625 2.659333973
2.656036443 2.313152669
2.98070867 2.553617203
2.410242699 2.404896851
2.272715875 2.410646259
1.931161337 2.26690742
2.032988327 2.188407473
2.031488976 2.133515615
2.542209845 2.751920522
2.920067727 3.076887054
3.394667782 3.946139648
3.229433427 3.631575479
3.321947701 3.365275718
3.166307021 3.692532607
3.554995471 3.373781184
2.694004649 3.10403383
2.868871503 2.726102592
3.206948105 3.399685458
3.485547307 2.890164739
2.562337197 2.611822078
2.698521447 3.033036108
3.064964009 2.676909087
3.10506005 3.462036485
3.191847054 2.941321629
2.585944643 2.811185694
2.24931559 2.657885597
2.223218532 2.832717683
2.274582807 2.540286666
2.589675248 2.916039358
2.813255065 3.287351991
8.426091607 9.023864971
5.950321092 5.527519185
3.250925534 3.45814184
3.817504809 4.383678894
4.439460048 4.350389823
3.988456225 4.183217064
4.317840308 4.513396829
4.161874203 4.130538481
3.256341034 3.375170614
3.418244759 3.74225244
3.392515834 3.537190239
3.859746259 3.329452837
4.136944025 3.54592836
2.177478428 2.708927546
2.36776958 2.26102452
2.10749646 2.854269522
2.277242663 2.670234853
2.086397499 2.329831865
2.560582929 1.929165113
2.494607778 2.290586129
3.080495923 2.270103843
2.973890342 2.799698881
3.065834264 2.78021926
3.502973551 3.448229282
3.396998087 3.204758794
3.38135602 3.058854089
3.771801109 3.302463384
2.951375073 2.640355555
2.486640155 2.327965726
2.820355983 2.699208366
3.250071443 2.994632793
2.454849858 2.664679202
2.251130578 2.134314565
1.930729917 2.036423937
2.249867537 2.250671196
3.079479383 3.169469882
1.771910461 1.796520551
2.063561063 2.079648772
2.169035553 2.089402462
7.81378052 8.052852293
9.278784603 9.243523661
6.152862344 5.825527231
5.566190975 4.998517855
6.423802666 5.033001568
5.882947496 3.867356001
5.291584147 4.120336993
5.928916231 3.422799785
3.227077341 4.189525377
3.917627481 3.72466883
3.434333066 3.751663597
4.118846111 3.933458483
4.538371935 4.558444726
3.422937289 4.181187852
3.588084609 4.018005796
3.625696683 4.729243833
4.038269129 4.198669447
2.942444941 2.893733287
2.545993651 3.265465466
2.851213768 3.24186122
3.590987078 3.159757875
3.296182806 3.263854776
3.420553054 3.936198782
3.162465961 4.096874023
2.714505601 3.434840634
2.959544688 3.7365755
3.523595292 3.161079841
2.686320985 2.813508274
2.652056241 3.088256017
2.884314636 2.900699015
2.827466313 3.346861299
2.646047736 2.46560695
2.359880572 2.487418965
2.243400034 2.39387602
2.188553355 1.988582992
1.934439478 1.984525315
1.782505305 2.24168422
1.755516312 1.947187133
1.527577374 1.920483524
1.517169778 1.699640273
4.366902108 3.560398213
6.802703639 6.446653225
5.981058087 4.758793607
3.608893242 2.183992608
4.469830598 2.815833661
4.343071529 4.159552083
2.955221605 2.661032031
3.287831987 2.992530322
3.06066 2.289587158
2.967295873 2.392059745
3.008688638 2.351141387
3.160995629 2.218006424
3.076968546 2.765200831
2.58031812 1.643257608
3.26621103 2.491301262
2.215108277 1.723129101
3.379336188 2.513402213
2.189036321 1.737413716
2.862854602 2.341453143
3.149917066 2.630431787
2.36537336 2.889632669
3.070307371 3.206236976
1.927412628 2.955695654
2.84496079 3.132912724
1.687231001 2.58042539
2.360339393 2.942437428
2.219380268 3.359560486
1.606426412 2.644157763
1.789479563 2.571196663
1.703592582 2.443305432
1.569902608 2.131196185
1.32069479 2.23579732
1.227536473 1.984008903
1.239033402 1.699081385
1.132284186 1.63122259
1.115094524 1.359998897
1.095804463 1.883783995
1.160519082 1.142947277
1.063523679 0.8760100266
1.232548753 0.9195358976
8.915140464 9.044721405
8.44634527 8.701503164
6.976228713 6.331770665
6.151941446 4.327211633
5.433808112 4.317738385
5.417641175 4.372549312
4.795470336 3.100947685
3.505137582 3.069655965
3.627203532 3.191999388
2.521159532 2.8835171
2.666656178 2.978389245
2.733773539 2.342517269
2.436135132 2.941887048
2.15525373 2.488463188
1.822015037 2.433046625
2.095718407 2.428582528
2.053673814 2.346581345
1.541957867 1.924803903
1.554541741 2.005972678
1.753421441 2.326757042
2.58289911 2.399426576
3.676191072 3.902346393
2.953076465 3.285694613
4.645269456 3.330950857
3.740033302 3.314152537
4.290133812 3.269086529
3.233213663 3.038104082
3.085426118 2.925823402
3.342856426 2.573254911
2.798261681 2.595996739
3.709330374 2.719010017
2.655308069 2.179657191
3.292202709 2.893399587
2.704796326 2.58504629
2.62226483 2.343456097
2.011638278 2.102915438
2.069847127 2.008518691
1.726499077 1.547757896
1.647502548 1.558789313
6.830673055 6.56264592
5.91585387 5.809262713
3.373796424 3.514875228
1.792448678 2.652911813
1.794683266 2.558964639
1.720906101 2.196512971
1.489040215 2.022373716
1.618428939 1.778823238
1.573565271 2.108441327
1.180517286 2.011683802
1.262492687 2.02879962
1.090392551 1.677312894
1.197469709 1.658853074
1.067949492 1.527815969
1.083630083 1.599621156
0.9620692186 1.608672653
0.930043865 1.585229975
1.044859807 1.628702376
0.9294247025 1.433854714
1.061673305 1.722033289
1.418778803 1.950407743
3.119051771 3.251652092
5.185340334 5.324017538
4.755716794 4.48986655
4.487796013 4.338050118
3.40851644 3.262510006
2.703252266 2.79248897
2.070463744 1.953497756
2.666115532 2.037796765
2.754529328 1.834516832
3.28567651 2.263736279
2.800668491 2.180799348
2.797990111 2.64278813
1.936585606 2.012665289
2.220033611 2.105742565
1.491687884 1.580824106
1.474482555 1.46017396
1.578291098 1.494305014
1.563077435 1.416361198
1.684728181 1.562050432
5.492503335 5.415418009
6.460342917 6.360817436
4.926212211 5.317568908
4.375996595 4.460331151
4.967720568 4.482527529
3.583921344 3.119529629
3.645209267 3.214463572
2.493351876 2.501313482
2.479327583 2.438787455
2.819796748 2.493679482
2.194980966 2.318559532
2.066131102 2.196747409
2.031413178 2.148461027
1.686495381 2.033450657
1.515232195 1.703886766
1.69272666 2.277528567
1.278947884 1.823896168
1.186874187 1.457205865
1.276835395 1.843102189
1.304283837 1.692992786
1.367324396 1.894510611
1.521520541 1.771015253
1.824772655 1.977172541
2.869949399 2.998032785
2.378987571 2.447534922
2.328254943 2.297571275
1.843119454 2.01867669
1.425306301 1.621060967
1.691617117 1.75075027
1.733696006 1.705706564
1.791203345 1.590121573
1.516077631 1.504437669
1.337142595 1.547122879
1.443682499 1.590967168
1.381090773 1.62395639
1.716485188 1.803190891
1.48888746 1.605019023
1.445941762 1.529555632
1.281240224 1.428805383
1.431043392 1.547822537
3.184025475 3.240651373
2.888632198 2.848739802
1.783184386 1.93571657
1.597859395 1.677442265
1.964043997 1.922076224
1.909947242 1.718737696
1.131403001 1.207489348
1.442024362 1.545005107
1.148946421 1.212022026
1.348926461 1.315649929
1.374815406 1.375266292
1.243847464 1.240556745
1.546777683 1.550053814
1.255653611 1.24857057
1.129357555 1.091933517
1.166481458 1.32725749
1.212307429 1.291548847
1.261524081 1.251649624
1.219037846 1.257599662
1.226191387 1.223717098
1.03995769 1.223943068
1.07519334 0.9764227987
1.195481287 1.370171181
1.217471391 1.298052715
1.120758672 1.238955291
1.06089152 1.13573344
0.9774607561 1.162671376
1.087195791 1.205141009
1.058611511 1.193089324
1.11039815 1.04431233
0.8997133215 1.151816498
0.973376213 1.060708896
0.9049835116 1.014585844
0.8203384373 0.9848997878
0.710732401 0.8019189406
0.7828405902 0.8459532535
0.6755693619 0.7708967627
0.5530333224 0.705511689
0.6261219118 0.6788887731
0.5513838851 0.6056462897
0.8115180184 0.8015250706
2.494060103 2.49550524
1.840788547 1.799774123
1.220854563 1.207575586
1.473924921 1.276751807
